	0	-2.893e-15
	0.0019531	-5.786e-15
	0.0039063	-3.8573e-15
	0.0058594	-2.893e-15
	0.0078125	-3.8573e-15
	0.0097656	-3.8573e-15
	0.011719	-4.8216e-15
	0.013672	-5.786e-15
	0.015625	-5.786e-15
	0.017578	-9.6433e-16
	0.019531	-3.8573e-15
	0.021484	1.9287e-15
	0.023438	0
	0.025391	-2.893e-15
	0.027344	-9.6433e-16
	0.029297	-3.8573e-15
	0.03125	-9.6433e-16
	0.033203	1.9287e-15
	0.035156	0
	0.037109	-3.8573e-15
	0.039062	-9.6433e-16
	0.041016	-5.786e-15
	0.042969	-1.9287e-15
	0.044922	-2.893e-15
	0.046875	-4.8216e-15
	0.048828	-2.893e-15
	0.050781	-4.8216e-15
	0.052734	-4.8216e-15
	0.054688	-2.893e-15
	0.056641	1.9287e-15
	0.058594	-4.8216e-15
	0.060547	0
	0.0625	-4.8216e-15
	0.064453	-3.8573e-15
	0.066406	-4.8216e-15
	0.068359	-5.786e-15
	0.070312	-9.6433e-16
	0.072266	-3.8573e-15
	0.074219	-1.9287e-15
	0.076172	-2.893e-15
	0.078125	-1.9287e-15
	0.080078	0
	0.082031	0
	0.083984	-3.8573e-15
	0.085938	-4.8216e-15
	0.087891	-2.893e-15
	0.089844	-4.8216e-15
	0.091797	-1.9287e-15
	0.09375	-2.893e-15
	0.095703	-2.893e-15
	0.097656	-6.7503e-15
	0.099609	-8.6789e-15
	0.10156	-9.6433e-15
	0.10352	-1.0608e-14
	0.10547	-8.6789e-15
	0.10742	-1.2536e-14
	0.10938	-1.7358e-14
	0.11133	-2.4108e-14
	0.11328	-3.1823e-14
	0.11523	-4.1466e-14
	0.11719	-5.4002e-14
	0.11914	-6.2681e-14
	0.12109	-8.6789e-14
	0.12305	-1.1379e-13
	0.125	-1.4754e-13
	0.12695	-1.8997e-13
	0.12891	-2.3819e-13
	0.13086	-3.1148e-13
	0.13281	-3.9345e-13
	0.13477	-5.082e-13
	0.13672	-6.4321e-13
	0.13867	-8.1582e-13
	0.14062	-1.0338e-12
	0.14258	-1.3018e-12
	0.14453	-1.6374e-12
	0.14648	-2.0559e-12
	0.14844	-2.5748e-12
	0.15039	-3.2093e-12
	0.15234	-3.9933e-12
	0.1543	-4.9605e-12
	0.15625	-6.1447e-12
	0.1582	-7.597e-12
	0.16016	-9.3684e-12
	0.16211	-1.1532e-11
	0.16406	-1.4158e-11
	0.16602	-1.7354e-11
	0.16797	-2.1225e-11
	0.16992	-2.5909e-11
	0.17188	-3.1563e-11
	0.17383	-3.8383e-11
	0.17578	-4.6592e-11
	0.17773	-5.6448e-11
	0.17969	-6.8276e-11
	0.18164	-8.2448e-11
	0.18359	-9.9391e-11
	0.18555	-1.1962e-10
	0.1875	-1.4375e-10
	0.18945	-1.7248e-10
	0.19141	-2.0664e-10
	0.19336	-2.472e-10
	0.19531	-2.953e-10
	0.19727	-3.5227e-10
	0.19922	-4.1967e-10
	0.20117	-4.9929e-10
	0.20312	-5.9324e-10
	0.20508	-7.0399e-10
	0.20703	-8.3437e-10
	0.20898	-9.877e-10
	0.21094	-1.1678e-09
	0.21289	-1.3792e-09
	0.21484	-1.627e-09
	0.2168	-1.9173e-09
	0.21875	-2.2568e-09
	0.2207	-2.6537e-09
	0.22266	-3.1172e-09
	0.22461	-3.658e-09
	0.22656	-4.2883e-09
	0.22852	-5.0225e-09
	0.23047	-5.8768e-09
	0.23242	-6.8702e-09
	0.23437	-8.0242e-09
	0.23633	-9.3639e-09
	0.23828	-1.0918e-08
	0.24023	-1.2719e-08
	0.24219	-1.4806e-08
	0.24414	-1.722e-08
	0.24609	-2.0013e-08
	0.24805	-2.3242e-08
	0.25	-2.6971e-08
	0.25195	-3.1276e-08
	0.25391	-3.6241e-08
	0.25586	-4.1967e-08
	0.25781	-4.8564e-08
	0.25977	-5.6161e-08
	0.26172	-6.4905e-08
	0.26367	-7.4963e-08
	0.26563	-8.6526e-08
	0.26758	-9.9813e-08
	0.26953	-1.1507e-07
	0.27148	-1.3259e-07
	0.27344	-1.5269e-07
	0.27539	-1.7575e-07
	0.27734	-2.0218e-07
	0.2793	-2.3246e-07
	0.28125	-2.6715e-07
	0.2832	-3.0686e-07
	0.28516	-3.5231e-07
	0.28711	-4.0431e-07
	0.28906	-4.6377e-07
	0.29102	-5.3176e-07
	0.29297	-6.0945e-07
	0.29492	-6.9821e-07
	0.29688	-7.9958e-07
	0.29883	-9.1533e-07
	0.30078	-1.0474e-06
	0.30273	-1.1982e-06
	0.30469	-1.3702e-06
	0.30664	-1.5663e-06
	0.30859	-1.7899e-06
	0.31055	-2.0448e-06
	0.3125	-2.3354e-06
	0.31445	-2.6664e-06
	0.31641	-3.0436e-06
	0.31836	-3.4732e-06
	0.32031	-3.9624e-06
	0.32227	-4.5194e-06
	0.32422	-5.1536e-06
	0.32617	-5.8755e-06
	0.32813	-6.6971e-06
	0.33008	-7.6321e-06
	0.33203	-8.696e-06
	0.33398	-9.9066e-06
	0.33594	-1.1284e-05
	0.33789	-1.2851e-05
	0.33984	-1.4633e-05
	0.3418	-1.666e-05
	0.34375	-1.8967e-05
	0.3457	-2.159e-05
	0.34766	-2.4573e-05
	0.34961	-2.7967e-05
	0.35156	-3.1827e-05
	0.35352	-3.6217e-05
	0.35547	-4.1212e-05
	0.35742	-4.6893e-05
	0.35938	-5.3356e-05
	0.36133	-6.0709e-05
	0.36328	-6.9076e-05
	0.36523	-7.8596e-05
	0.36719	-8.9431e-05
	0.36914	-0.00010176
	0.37109	-0.0001158
	0.37305	-0.00013178
	0.375	-0.00014998
	0.37695	-0.00017071
	0.37891	-0.00019432
	0.38086	-0.00022122
	0.38281	-0.00025188
	0.38477	-0.00028683
	0.38672	-0.00032667
	0.38867	-0.00037211
	0.39063	-0.00042395
	0.39258	-0.00048311
	0.39453	-0.00055063
	0.39648	-0.00062773
	0.39844	-0.0007158
	0.40039	-0.00081644
	0.40234	-0.00093147
	0.4043	-0.001063
	0.40625	-0.0012135
	0.4082	-0.0013858
	0.41016	-0.001583
	0.41211	-0.0018089
	0.41406	-0.0020679
	0.41602	-0.0023648
	0.41797	-0.0027055
	0.41992	-0.0030967
	0.42188	-0.0035459
	0.42383	-0.0040623
	0.42578	-0.0046561
	0.42773	-0.0053395
	0.42969	-0.0061265
	0.43164	-0.0070333
	0.43359	-0.0080791
	0.43555	-0.0092859
	0.4375	-0.01068
	0.43945	-0.012291
	0.44141	-0.014154
	0.44336	-0.016312
	0.44531	-0.018812
	0.44727	-0.021712
	0.44922	-0.025079
	0.45117	-0.028991
	0.45312	-0.033541
	0.45508	-0.038839
	0.45703	-0.045013
	0.45898	-0.052216
	0.46094	-0.060629
	0.46289	-0.070466
	0.46484	-0.081978
	0.4668	-0.095466
	0.46875	-0.11129
	0.4707	-0.12986
	0.47266	-0.15169
	0.47461	-0.17737
	0.47656	-0.20761
	0.47852	-0.24325
	0.48047	-0.28527
	0.48242	-0.33485
	0.48438	-0.39337
	0.48633	-0.46244
	0.48828	-0.54398
	0.49023	-0.64016
	0.49219	-0.75354
	0.49414	-0.887
	0.49609	-1.0438
	0.49805	-1.2276
	0.5	-1.4423
	0.50195	-1.6922
	0.50391	-1.9818
	0.50586	-2.3154
	0.50781	-2.6977
	0.50977	-3.1326
	0.51172	-3.6239
	0.51367	-4.1747
	0.51563	-4.7876
	0.51758	-5.4644
	0.51953	-6.2063
	0.52148	-7.0141
	0.52344	-7.8885
	0.52539	-8.8301
	0.52734	-9.8401
	0.5293	-10.9203
	0.53125	-12.0738
	0.5332	-13.3054
	0.53516	-14.6222
	0.53711	-16.0344
	0.53906	-17.5567
	0.54102	-19.21
	0.54297	-21.0252
	0.54492	-23.049
	0.54688	-25.3559
	0.54883	-28.0751
	0.55078	-31.4593
	0.55273	-36.1197
	0.55469	-44.3862
	0.55664	-53.2128
	0.55859	-40.7747
	0.56055	-36.4992
	0.5625	-34.0926
	0.56445	-32.5504
	0.56641	-31.5147
	0.56836	-30.8175
	0.57031	-30.3667
	0.57227	-30.1072
	0.57422	-30.0042
	0.57617	-30.0349
	0.57813	-30.1847
	0.58008	-30.4446
	0.58203	-30.81
	0.58398	-31.2802
	0.58594	-31.858
	0.58789	-32.5508
	0.58984	-33.3705
	0.5918	-34.3361
	0.59375	-35.4764
	0.5957	-36.8364
	0.59766	-38.4887
	0.59961	-40.5603
	0.60156	-43.301
	0.60352	-47.3154
	0.60547	-54.8987
	0.60742	-63.4483
	0.60937	-50.1896
	0.61133	-45.2651
	0.61328	-42.2214
	0.61523	-40.0417
	0.61719	-38.3636
	0.61914	-37.0158
	0.62109	-35.9034
	0.62305	-34.9681
	0.625	-34.1718
	0.62695	-33.4881
	0.62891	-32.8976
	0.63086	-32.3864
	0.63281	-31.9434
	0.63477	-31.5602
	0.63672	-31.23
	0.63867	-30.9473
	0.64063	-30.7078
	0.64258	-30.5079
	0.64453	-30.3444
	0.64648	-30.2149
	0.64844	-30.1173
	0.65039	-30.0499
	0.65234	-30.0112
	0.6543	-30.0001
	0.65625	-30.0156
	0.6582	-30.0571
	0.66016	-30.1239
	0.66211	-30.2157
	0.66406	-30.3322
	0.66602	-30.4735
	0.66797	-30.6397
	0.66992	-30.8311
	0.67188	-31.0482
	0.67383	-31.2916
	0.67578	-31.5623
	0.67773	-31.8614
	0.67969	-32.1903
	0.68164	-32.5509
	0.68359	-32.9451
	0.68555	-33.3757
	0.6875	-33.8458
	0.68945	-34.3593
	0.69141	-34.9211
	0.69336	-35.537
	0.69531	-36.2148
	0.69727	-36.9641
	0.69922	-37.7976
	0.70117	-38.7323
	0.70313	-39.7916
	0.70508	-41.0087
	0.70703	-42.434
	0.70898	-44.1472
	0.71094	-46.2881
	0.71289	-49.1354
	0.71484	-53.3892
	0.7168	-62.015
	0.71875	-65.2338
	0.7207	-54.525
	0.72266	-49.9042
	0.72461	-46.9305
	0.72656	-44.7429
	0.72852	-43.0186
	0.73047	-41.6008
	0.73242	-40.4016
	0.73438	-39.3664
	0.73633	-38.4592
	0.73828	-37.655
	0.74023	-36.9356
	0.74219	-36.2873
	0.74414	-35.6998
	0.74609	-35.1649
	0.74805	-34.6761
	0.75	-34.228
	0.75195	-33.8163
	0.75391	-33.4374
	0.75586	-33.0882
	0.75781	-32.7662
	0.75977	-32.4691
	0.76172	-32.195
	0.76367	-31.9423
	0.76563	-31.7096
	0.76758	-31.4956
	0.76953	-31.2991
	0.77148	-31.1193
	0.77344	-30.9552
	0.77539	-30.8061
	0.77734	-30.6714
	0.7793	-30.5503
	0.78125	-30.4424
	0.7832	-30.3471
	0.78516	-30.2642
	0.78711	-30.1931
	0.78906	-30.1335
	0.79102	-30.0853
	0.79297	-30.048
	0.79492	-30.0214
	0.79688	-30.0055
	0.79883	-30
	0.80078	-30.0048
	0.80273	-30.0198
	0.80469	-30.0448
	0.80664	-30.08
	0.80859	-30.1251
	0.81055	-30.1803
	0.8125	-30.2456
	0.81445	-30.321
	0.81641	-30.4065
	0.81836	-30.5024
	0.82031	-30.6086
	0.82227	-30.7255
	0.82422	-30.8532
	0.82617	-30.9919
	0.82813	-31.1418
	0.83008	-31.3034
	0.83203	-31.4769
	0.83398	-31.6628
	0.83594	-31.8615
	0.83789	-32.0736
	0.83984	-32.2995
	0.8418	-32.54
	0.84375	-32.7958
	0.8457	-33.0678
	0.84766	-33.3569
	0.84961	-33.6642
	0.85156	-33.991
	0.85352	-34.3387
	0.85547	-34.709
	0.85742	-35.1037
	0.85937	-35.5252
	0.86133	-35.9759
	0.86328	-36.4592
	0.86523	-36.9786
	0.86719	-37.5387
	0.86914	-38.1449
	0.87109	-38.8041
	0.87305	-39.5249
	0.875	-40.3181
	0.87695	-41.1982
	0.87891	-42.1846
	0.88086	-43.3044
	0.88281	-44.5968
	0.88477	-46.122
	0.88672	-47.9792
	0.88867	-50.35
	0.89063	-53.6255
	0.89258	-58.9476
	0.89453	-75.1327
	0.89648	-62.1915
	0.89844	-55.2553
	0.90039	-51.4588
	0.90234	-48.8355
	0.9043	-46.8325
	0.90625	-45.2148
	0.9082	-43.8602
	0.91016	-42.697
	0.91211	-41.6797
	0.91406	-40.7773
	0.91602	-39.9679
	0.91797	-39.2356
	0.91992	-38.5682
	0.92188	-37.9563
	0.92383	-37.3925
	0.92578	-36.8708
	0.92773	-36.3863
	0.92969	-35.9352
	0.93164	-35.5139
	0.93359	-35.1197
	0.93555	-34.7501
	0.9375	-34.4031
	0.93945	-34.077
	0.94141	-33.7701
	0.94336	-33.4811
	0.94531	-33.2088
	0.94727	-32.9521
	0.94922	-32.7102
	0.95117	-32.4822
	0.95312	-32.2673
	0.95508	-32.0649
	0.95703	-31.8744
	0.95898	-31.6952
	0.96094	-31.5269
	0.96289	-31.369
	0.96484	-31.2212
	0.9668	-31.083
	0.96875	-30.9543
	0.9707	-30.8346
	0.97266	-30.7236
	0.97461	-30.6213
	0.97656	-30.5273
	0.97852	-30.4415
	0.98047	-30.3637
	0.98242	-30.2938
	0.98437	-30.2315
	0.98633	-30.1769
	0.98828	-30.1297
	0.99023	-30.0899
	0.99219	-30.0575
	0.99414	-30.0323
	0.99609	-30.0143
	0.99805	-30.0036
