	0	-2
	0.0019531	-1.999
	0.0039063	-1.9961
	0.0058594	-1.9913
	0.0078125	-1.9846
	0.0097656	-1.9759
	0.011719	-1.9653
	0.013672	-1.9529
	0.015625	-1.9385
	0.017578	-1.9223
	0.019531	-1.9042
	0.021484	-1.8843
	0.023438	-1.8626
	0.025391	-1.8391
	0.027344	-1.8138
	0.029297	-1.7868
	0.03125	-1.7581
	0.033203	-1.7278
	0.035156	-1.6958
	0.037109	-1.6622
	0.039062	-1.627
	0.041016	-1.5904
	0.042969	-1.5524
	0.044922	-1.5129
	0.046875	-1.4721
	0.048828	-1.4301
	0.050781	-1.3868
	0.052734	-1.3424
	0.054688	-1.297
	0.056641	-1.2506
	0.058594	-1.2034
	0.060547	-1.1553
	0.0625	-1.1066
	0.064453	-1.0573
	0.066406	-1.0076
	0.068359	-0.95744
	0.070312	-0.90708
	0.072266	-0.85662
	0.074219	-0.80618
	0.076172	-0.75591
	0.078125	-0.70594
	0.080078	-0.65642
	0.082031	-0.6075
	0.083984	-0.55935
	0.085938	-0.51212
	0.087891	-0.46596
	0.089844	-0.42106
	0.091797	-0.37757
	0.09375	-0.33567
	0.095703	-0.29551
	0.097656	-0.25726
	0.099609	-0.2211
	0.10156	-0.18717
	0.10352	-0.15564
	0.10547	-0.12664
	0.10742	-0.10034
	0.10938	-0.076844
	0.11133	-0.056292
	0.11328	-0.038792
	0.11523	-0.024444
	0.11719	-0.013334
	0.11914	-0.0055326
	0.12109	-0.0010972
	0.12305	-6.8075e-05
	0.125	-0.0024692
	0.12695	-0.0083077
	0.12891	-0.017573
	0.13086	-0.03024
	0.13281	-0.046262
	0.13477	-0.065581
	0.13672	-0.088119
	0.13867	-0.11378
	0.14062	-0.14247
	0.14258	-0.17406
	0.14453	-0.20843
	0.14648	-0.24542
	0.14844	-0.28489
	0.15039	-0.32667
	0.15234	-0.3706
	0.1543	-0.4165
	0.15625	-0.4642
	0.1582	-0.5135
	0.16016	-0.56423
	0.16211	-0.6162
	0.16406	-0.66922
	0.16602	-0.7231
	0.16797	-0.77766
	0.16992	-0.83273
	0.17188	-0.88811
	0.17383	-0.94363
	0.17578	-0.99913
	0.17773	-1.0544
	0.17969	-1.1094
	0.18164	-1.1638
	0.18359	-1.2175
	0.18555	-1.2704
	0.1875	-1.3224
	0.18945	-1.3733
	0.19141	-1.4229
	0.19336	-1.4712
	0.19531	-1.518
	0.19727	-1.5632
	0.19922	-1.6067
	0.20117	-1.6484
	0.20312	-1.6882
	0.20508	-1.7259
	0.20703	-1.7616
	0.20898	-1.7951
	0.21094	-1.8263
	0.21289	-1.8552
	0.21484	-1.8816
	0.2168	-1.9055
	0.21875	-1.9269
	0.2207	-1.9457
	0.22266	-1.9618
	0.22461	-1.9751
	0.22656	-1.9856
	0.22852	-1.9933
	0.23047	-1.9981
	0.23242	-2
	0.23437	-1.9989
	0.23633	-1.9948
	0.23828	-1.9876
	0.24023	-1.9774
	0.24219	-1.9642
	0.24414	-1.9478
	0.24609	-1.9284
	0.24805	-1.9058
	0.25	-1.8801
	0.25195	-1.8514
	0.25391	-1.8196
	0.25586	-1.7847
	0.25781	-1.7468
	0.25977	-1.7059
	0.26172	-1.6622
	0.26367	-1.6155
	0.26563	-1.5661
	0.26758	-1.5141
	0.26953	-1.4594
	0.27148	-1.4024
	0.27344	-1.343
	0.27539	-1.2815
	0.27734	-1.218
	0.2793	-1.1528
	0.28125	-1.0861
	0.2832	-1.0181
	0.28516	-0.94911
	0.28711	-0.87946
	0.28906	-0.80947
	0.29102	-0.73951
	0.29297	-0.66996
	0.29492	-0.60124
	0.29688	-0.53381
	0.29883	-0.46812
	0.30078	-0.40467
	0.30273	-0.34396
	0.30469	-0.28653
	0.30664	-0.2329
	0.30859	-0.18359
	0.31055	-0.13914
	0.3125	-0.10004
	0.31445	-0.066786
	0.31641	-0.039811
	0.31836	-0.019522
	0.32031	-0.0062647
	0.32227	-0.0003227
	0.32422	-0.0019078
	0.32617	-0.011153
	0.32813	-0.02811
	0.33008	-0.052741
	0.33203	-0.084923
	0.33398	-0.12445
	0.33594	-0.17102
	0.33789	-0.22427
	0.33984	-0.28375
	0.3418	-0.34896
	0.34375	-0.41935
	0.3457	-0.49429
	0.34766	-0.57316
	0.34961	-0.65529
	0.35156	-0.73999
	0.35352	-0.82657
	0.35547	-0.91434
	0.35742	-1.0026
	0.35938	-1.0907
	0.36133	-1.1779
	0.36328	-1.2637
	0.36523	-1.3473
	0.36719	-1.4282
	0.36914	-1.5058
	0.37109	-1.5795
	0.37305	-1.6488
	0.375	-1.7133
	0.37695	-1.7723
	0.37891	-1.8255
	0.38086	-1.8724
	0.38281	-1.9126
	0.38477	-1.9456
	0.38672	-1.9712
	0.38867	-1.9889
	0.39063	-1.9984
	0.39258	-1.9994
	0.39453	-1.9915
	0.39648	-1.9747
	0.39844	-1.9486
	0.40039	-1.913
	0.40234	-1.8678
	0.4043	-1.8131
	0.40625	-1.7486
	0.4082	-1.6746
	0.41016	-1.5913
	0.41211	-1.499
	0.41406	-1.3981
	0.41602	-1.2894
	0.41797	-1.1737
	0.41992	-1.0523
	0.42188	-0.92656
	0.42383	-0.7983
	0.42578	-0.66972
	0.42773	-0.54336
	0.42969	-0.42218
	0.43164	-0.30949
	0.43359	-0.20886
	0.43555	-0.12404
	0.4375	-0.058752
	0.43945	-0.016459
	0.44141	-0.00011628
	0.44336	-0.0119
	0.44531	-0.052964
	0.44727	-0.12327
	0.44922	-0.22152
	0.45117	-0.34517
	0.45312	-0.49059
	0.45508	-0.65325
	0.45703	-0.82798
	0.45898	-1.0092
	0.46094	-1.191
	0.46289	-1.3677
	0.46484	-1.5334
	0.4668	-1.6824
	0.46875	-1.8092
	0.4707	-1.908
	0.47266	-1.9734
	0.47461	-1.9997
	0.47656	-1.9814
	0.47852	-1.9128
	0.48047	-1.7888
	0.48242	-1.6052
	0.48438	-1.3605
	0.48633	-1.0591
	0.48828	-0.71661
	0.49023	-0.37058
	0.49219	-0.093871
	0.49414	-0.0041557
	0.49609	-0.24439
	0.49805	-0.91452
	0.5	-2
	0.50195	-3.3833
	0.50391	-4.9231
	0.50586	-6.512
	0.50781	-8.0863
	0.50977	-9.6149
	0.51172	-11.0851
	0.51367	-12.4941
	0.51563	-13.8437
	0.51758	-15.1379
	0.51953	-16.3811
	0.52148	-17.5778
	0.52344	-18.7324
	0.52539	-19.8488
	0.52734	-20.9303
	0.5293	-21.9803
	0.53125	-23.0013
	0.5332	-23.9958
	0.53516	-24.966
	0.53711	-25.9139
	0.53906	-26.8411
	0.54102	-27.7491
	0.54297	-28.6394
	0.54492	-29.5132
	0.54688	-30.3716
	0.54883	-31.2156
	0.55078	-32.0462
	0.55273	-32.8641
	0.55469	-33.6702
	0.55664	-34.4651
	0.55859	-35.2495
	0.56055	-36.0239
	0.5625	-36.7891
	0.56445	-37.5453
	0.56641	-38.2932
	0.56836	-39.0331
	0.57031	-39.7655
	0.57227	-40.4908
	0.57422	-41.2093
	0.57617	-41.9213
	0.57813	-42.6272
	0.58008	-43.3272
	0.58203	-44.0217
	0.58398	-44.7109
	0.58594	-45.395
	0.58789	-46.0743
	0.58984	-46.7491
	0.5918	-47.4195
	0.59375	-48.0857
	0.5957	-48.748
	0.59766	-49.4064
	0.59961	-50.0613
	0.60156	-50.7127
	0.60352	-51.3609
	0.60547	-52.0059
	0.60742	-52.648
	0.60937	-53.2872
	0.61133	-53.9238
	0.61328	-54.5578
	0.61523	-55.1893
	0.61719	-55.8186
	0.61914	-56.4456
	0.62109	-57.0706
	0.62305	-57.6937
	0.625	-58.3148
	0.62695	-58.9343
	0.62891	-59.5521
	0.63086	-60.1683
	0.63281	-60.7831
	0.63477	-61.3965
	0.63672	-62.0087
	0.63867	-62.6197
	0.64063	-63.2296
	0.64258	-63.8386
	0.64453	-64.4466
	0.64648	-65.0537
	0.64844	-65.6601
	0.65039	-66.2659
	0.65234	-66.871
	0.6543	-67.4756
	0.65625	-68.0798
	0.6582	-68.6836
	0.66016	-69.2871
	0.66211	-69.8903
	0.66406	-70.4934
	0.66602	-71.0964
	0.66797	-71.6994
	0.66992	-72.3024
	0.67188	-72.9055
	0.67383	-73.5089
	0.67578	-74.1124
	0.67773	-74.7163
	0.67969	-75.3205
	0.68164	-75.9252
	0.68359	-76.5304
	0.68555	-77.1362
	0.6875	-77.7426
	0.68945	-78.3497
	0.69141	-78.9575
	0.69336	-79.5662
	0.69531	-80.1758
	0.69727	-80.7863
	0.69922	-81.3978
	0.70117	-82.0104
	0.70313	-82.6241
	0.70508	-83.2391
	0.70703	-83.8553
	0.70898	-84.4728
	0.71094	-85.0918
	0.71289	-85.7122
	0.71484	-86.3341
	0.7168	-86.9576
	0.71875	-87.5828
	0.7207	-88.2097
	0.72266	-88.8383
	0.72461	-89.4688
	0.72656	-90.1013
	0.72852	-90.7357
	0.73047	-91.3722
	0.73242	-92.0109
	0.73438	-92.6517
	0.73633	-93.2948
	0.73828	-93.9402
	0.74023	-94.5881
	0.74219	-95.2384
	0.74414	-95.8913
	0.74609	-96.5468
	0.74805	-97.2051
	0.75	-97.8662
	0.75195	-98.5301
	0.75391	-99.197
	0.75586	-99.8669
	0.75781	-100.5399
	0.75977	-101.2162
	0.76172	-101.8957
	0.76367	-102.5786
	0.76563	-103.265
	0.76758	-103.955
	0.76953	-104.6486
	0.77148	-105.3459
	0.77344	-106.0471
	0.77539	-106.7522
	0.77734	-107.4614
	0.7793	-108.1747
	0.78125	-108.8923
	0.7832	-109.6142
	0.78516	-110.3406
	0.78711	-111.0716
	0.78906	-111.8073
	0.79102	-112.5478
	0.79297	-113.2932
	0.79492	-114.0437
	0.79688	-114.7994
	0.79883	-115.5604
	0.80078	-116.3269
	0.80273	-117.0989
	0.80469	-117.8767
	0.80664	-118.6603
	0.80859	-119.45
	0.81055	-120.2458
	0.8125	-121.048
	0.81445	-121.8567
	0.81641	-122.672
	0.81836	-123.4941
	0.82031	-124.3233
	0.82227	-125.1597
	0.82422	-126.0034
	0.82617	-126.8547
	0.82813	-127.7138
	0.83008	-128.5809
	0.83203	-129.4562
	0.83398	-130.3399
	0.83594	-131.2322
	0.83789	-132.1334
	0.83984	-133.0437
	0.8418	-133.9634
	0.84375	-134.8928
	0.8457	-135.8321
	0.84766	-136.7815
	0.84961	-137.7415
	0.85156	-138.7122
	0.85352	-139.694
	0.85547	-140.6873
	0.85742	-141.6923
	0.85937	-142.7095
	0.86133	-143.7392
	0.86328	-144.7817
	0.86523	-145.8376
	0.86719	-146.9071
	0.86914	-147.9908
	0.87109	-149.0891
	0.87305	-150.2024
	0.875	-151.3313
	0.87695	-152.4763
	0.87891	-153.638
	0.88086	-154.8168
	0.88281	-156.0135
	0.88477	-157.2286
	0.88672	-158.4628
	0.88867	-159.7169
	0.89063	-160.9914
	0.89258	-162.2873
	0.89453	-163.6053
	0.89648	-164.9463
	0.89844	-166.3112
	0.90039	-167.701
	0.90234	-169.1167
	0.9043	-170.5593
	0.90625	-172.0301
	0.9082	-173.5302
	0.91016	-175.0609
	0.91211	-176.6237
	0.91406	-178.22
	0.91602	-179.8514
	0.91797	-181.5195
	0.91992	-183.2263
	0.92188	-184.9735
	0.92383	-186.7635
	0.92578	-188.5983
	0.92773	-190.4805
	0.92969	-192.4126
	0.93164	-194.3976
	0.93359	-196.4385
	0.93555	-198.5388
	0.9375	-200.7021
	0.93945	-202.9325
	0.94141	-205.2345
	0.94336	-207.613
	0.94531	-210.0733
	0.94727	-212.6215
	0.94922	-215.2644
	0.95117	-218.0093
	0.95312	-220.8647
	0.95508	-223.8401
	0.95703	-226.9462
	0.95898	-230.1952
	0.96094	-233.6012
	0.96289	-237.1804
	0.96484	-240.9515
	0.9668	-244.9367
	0.96875	-249.162
	0.9707	-253.6584
	0.97266	-258.4636
	0.97461	-263.6235
	0.97656	-269.195
	0.97852	-275.25
	0.98047	-281.8811
	0.98242	-289.2102
	0.98437	-297.4035
	0.98633	-306.6918
	0.98828	-317.4194
	0.99023	-330.1876
	0.99219	-345.8514
	0.99414	-378.0453
	0.99609	-377.5958
	0.99805	-371.8074
