	0	0
	0.0019531	-0.0057953
	0.0039063	-0.011591
	0.0058594	-0.017389
	0.0078125	-0.023189
	0.0097656	-0.028992
	0.011719	-0.0348
	0.013672	-0.040612
	0.015625	-0.046429
	0.017578	-0.052253
	0.019531	-0.058084
	0.021484	-0.063924
	0.023438	-0.069772
	0.025391	-0.075629
	0.027344	-0.081498
	0.029297	-0.087377
	0.03125	-0.093269
	0.033203	-0.099173
	0.035156	-0.10509
	0.037109	-0.11102
	0.039062	-0.11697
	0.041016	-0.12294
	0.042969	-0.12892
	0.044922	-0.13492
	0.046875	-0.14094
	0.048828	-0.14698
	0.050781	-0.15304
	0.052734	-0.15912
	0.054688	-0.16522
	0.056641	-0.17135
	0.058594	-0.1775
	0.060547	-0.18367
	0.0625	-0.18988
	0.064453	-0.19611
	0.066406	-0.20236
	0.068359	-0.20865
	0.070312	-0.21497
	0.072266	-0.22131
	0.074219	-0.22769
	0.076172	-0.2341
	0.078125	-0.24055
	0.080078	-0.24703
	0.082031	-0.25355
	0.083984	-0.2601
	0.085938	-0.26669
	0.087891	-0.27332
	0.089844	-0.27999
	0.091797	-0.28671
	0.09375	-0.29346
	0.095703	-0.30026
	0.097656	-0.3071
	0.099609	-0.31399
	0.10156	-0.32093
	0.10352	-0.32791
	0.10547	-0.33495
	0.10742	-0.34203
	0.10938	-0.34917
	0.11133	-0.35636
	0.11328	-0.3636
	0.11523	-0.3709
	0.11719	-0.37825
	0.11914	-0.38567
	0.12109	-0.39314
	0.12305	-0.40067
	0.125	-0.40827
	0.12695	-0.41593
	0.12891	-0.42365
	0.13086	-0.43145
	0.13281	-0.4393
	0.13477	-0.44723
	0.13672	-0.45523
	0.13867	-0.4633
	0.14062	-0.47144
	0.14258	-0.47966
	0.14453	-0.48796
	0.14648	-0.49633
	0.14844	-0.50478
	0.15039	-0.51332
	0.15234	-0.52193
	0.1543	-0.53063
	0.15625	-0.53942
	0.1582	-0.54829
	0.16016	-0.55725
	0.16211	-0.5663
	0.16406	-0.57545
	0.16602	-0.58468
	0.16797	-0.59402
	0.16992	-0.60345
	0.17188	-0.61298
	0.17383	-0.6226
	0.17578	-0.63233
	0.17773	-0.64217
	0.17969	-0.6521
	0.18164	-0.66215
	0.18359	-0.6723
	0.18555	-0.68256
	0.1875	-0.69294
	0.18945	-0.70342
	0.19141	-0.71402
	0.19336	-0.72474
	0.19531	-0.73557
	0.19727	-0.74652
	0.19922	-0.75759
	0.20117	-0.76878
	0.20312	-0.7801
	0.20508	-0.79154
	0.20703	-0.8031
	0.20898	-0.81479
	0.21094	-0.82661
	0.21289	-0.83856
	0.21484	-0.85063
	0.2168	-0.86284
	0.21875	-0.87517
	0.2207	-0.88764
	0.22266	-0.90024
	0.22461	-0.91298
	0.22656	-0.92585
	0.22852	-0.93885
	0.23047	-0.95198
	0.23242	-0.96525
	0.23437	-0.97866
	0.23633	-0.9922
	0.23828	-1.0059
	0.24023	-1.0197
	0.24219	-1.0336
	0.24414	-1.0477
	0.24609	-1.0619
	0.24805	-1.0762
	0.25	-1.0907
	0.25195	-1.1053
	0.25391	-1.12
	0.25586	-1.1348
	0.25781	-1.1498
	0.25977	-1.1649
	0.26172	-1.1801
	0.26367	-1.1954
	0.26563	-1.2109
	0.26758	-1.2264
	0.26953	-1.2421
	0.27148	-1.2579
	0.27344	-1.2738
	0.27539	-1.2897
	0.27734	-1.3058
	0.2793	-1.322
	0.28125	-1.3383
	0.2832	-1.3546
	0.28516	-1.371
	0.28711	-1.3876
	0.28906	-1.4041
	0.29102	-1.4208
	0.29297	-1.4375
	0.29492	-1.4543
	0.29688	-1.4712
	0.29883	-1.4881
	0.30078	-1.505
	0.30273	-1.522
	0.30469	-1.539
	0.30664	-1.5561
	0.30859	-1.5732
	0.31055	-1.5904
	0.3125	-1.6075
	0.31445	-1.6247
	0.31641	-1.6419
	0.31836	-1.6591
	0.32031	-1.6764
	0.32227	-1.6936
	0.32422	-1.7108
	0.32617	-1.7281
	0.32813	-1.7453
	0.33008	-1.7625
	0.33203	-1.7797
	0.33398	-1.7969
	0.33594	-1.8141
	0.33789	-1.8313
	0.33984	-1.8485
	0.3418	-1.8656
	0.34375	-1.8828
	0.3457	-1.8999
	0.34766	-1.917
	0.34961	-1.9341
	0.35156	-1.9512
	0.35352	-1.9682
	0.35547	-1.9853
	0.35742	-2.0023
	0.35938	-2.0194
	0.36133	-2.0364
	0.36328	-2.0534
	0.36523	-2.0705
	0.36719	-2.0875
	0.36914	-2.1046
	0.37109	-2.1217
	0.37305	-2.1388
	0.375	-2.156
	0.37695	-2.1732
	0.37891	-2.1904
	0.38086	-2.2078
	0.38281	-2.2252
	0.38477	-2.2426
	0.38672	-2.2602
	0.38867	-2.2779
	0.39063	-2.2958
	0.39258	-2.3138
	0.39453	-2.3319
	0.39648	-2.3503
	0.39844	-2.3689
	0.40039	-2.3877
	0.40234	-2.4068
	0.4043	-2.4261
	0.40625	-2.4458
	0.4082	-2.4659
	0.41016	-2.4864
	0.41211	-2.5073
	0.41406	-2.5287
	0.41602	-2.5507
	0.41797	-2.5733
	0.41992	-2.5965
	0.42188	-2.6206
	0.42383	-2.6454
	0.42578	-2.6712
	0.42773	-2.6981
	0.42969	-2.726
	0.43164	-2.7553
	0.43359	-2.786
	0.43555	-2.8183
	0.4375	-2.8523
	0.43945	-2.8884
	0.44141	-2.9267
	0.44336	-2.9675
	0.44531	-3.011
	0.44727	-3.0576
	0.44922	-3.1077
	0.45117	-3.1617
	0.45312	-3.2198
	0.45508	-3.2826
	0.45703	-3.3504
	0.45898	-3.4236
	0.46094	-3.5024
	0.46289	-3.587
	0.46484	-3.6772
	0.4668	-3.7728
	0.46875	-3.8732
	0.4707	-3.9777
	0.47266	-4.0852
	0.47461	-4.1947
	0.47656	-4.3053
	0.47852	-4.4163
	0.48047	-4.5278
	0.48242	-4.6405
	0.48438	-4.7566
	0.48633	-4.88
	0.48828	-5.0185
	0.49023	-5.1873
	0.49219	-5.4185
	0.49414	-5.782
	0.49609	-6.3776
	0.49805	-7.1202
	0.5	-9.1724
	0.50195	-7.4087
	0.50391	-7.6586
	0.50586	-4.6606
	0.50781	-4.7618
	0.50977	-4.8398
	0.51172	-4.9032
	0.51367	-4.9566
	0.51563	-5.0029
	0.51758	-5.0437
	0.51953	-5.0802
	0.52148	-5.1132
	0.52344	-5.1434
	0.52539	-5.1712
	0.52734	-5.1969
	0.5293	-5.2208
	0.53125	-5.2433
	0.5332	-5.2643
	0.53516	-5.2842
	0.53711	-2.1614
	0.53906	-2.1792
	0.54102	-2.1962
	0.54297	-2.2123
	0.54492	-2.2278
	0.54688	-2.2426
	0.54883	-2.2567
	0.55078	-2.2704
	0.55273	-2.2835
	0.55469	-2.2961
	0.55664	-2.3083
	0.55859	-2.3201
	0.56055	-2.3314
	0.5625	-2.3425
	0.56445	-2.3531
	0.56641	-2.3635
	0.56836	-2.3736
	0.57031	-2.3834
	0.57227	-2.3929
	0.57422	-2.4021
	0.57617	-2.4112
	0.57813	-2.42
	0.58008	-2.4286
	0.58203	-2.437
	0.58398	-2.4451
	0.58594	-2.4532
	0.58789	-2.461
	0.58984	-2.4686
	0.5918	-2.4761
	0.59375	-2.4835
	0.5957	-2.4907
	0.59766	-2.4977
	0.59961	-2.5047
	0.60156	-2.5115
	0.60352	-2.5181
	0.60547	-2.5247
	0.60742	-2.5311
	0.60937	-2.5374
	0.61133	-2.5437
	0.61328	-2.5498
	0.61523	-2.5558
	0.61719	-2.5617
	0.61914	-2.5675
	0.62109	-2.5733
	0.62305	-2.5789
	0.625	-2.5845
	0.62695	-2.5899
	0.62891	-2.5953
	0.63086	-2.6007
	0.63281	-2.6059
	0.63477	-2.6111
	0.63672	-2.6162
	0.63867	-2.6213
	0.64063	-2.6263
	0.64258	-2.6312
	0.64453	-2.636
	0.64648	-2.6408
	0.64844	-2.6456
	0.65039	-2.6502
	0.65234	-2.6549
	0.6543	-2.6594
	0.65625	-2.6639
	0.6582	-2.6684
	0.66016	-2.6728
	0.66211	-2.6772
	0.66406	-2.6815
	0.66602	-2.6858
	0.66797	-2.69
	0.66992	-2.6942
	0.67188	-2.6984
	0.67383	-2.7025
	0.67578	-2.7065
	0.67773	-2.7105
	0.67969	-2.7145
	0.68164	-2.7185
	0.68359	-2.7224
	0.68555	-2.7262
	0.6875	-2.7301
	0.68945	-2.7339
	0.69141	-2.7376
	0.69336	-2.7414
	0.69531	-2.7451
	0.69727	-2.7487
	0.69922	-2.7524
	0.70117	-2.756
	0.70313	-2.7596
	0.70508	-2.7631
	0.70703	-2.7666
	0.70898	-2.7701
	0.71094	-2.7736
	0.71289	-2.777
	0.71484	-2.7804
	0.7168	-2.7838
	0.71875	-2.7872
	0.7207	-2.7905
	0.72266	-2.7938
	0.72461	-2.7971
	0.72656	-2.8003
	0.72852	-2.8036
	0.73047	-2.8068
	0.73242	0.3316
	0.73438	0.32843
	0.73633	0.32528
	0.73828	0.32215
	0.74023	0.31904
	0.74219	0.31596
	0.74414	0.31289
	0.74609	0.30984
	0.74805	0.30681
	0.75	0.3038
	0.75195	0.30081
	0.75391	0.29784
	0.75586	0.29488
	0.75781	0.29194
	0.75977	0.28902
	0.76172	0.28612
	0.76367	0.28323
	0.76563	0.28036
	0.76758	0.2775
	0.76953	0.27466
	0.77148	0.27184
	0.77344	0.26903
	0.77539	0.26624
	0.77734	0.26346
	0.7793	0.2607
	0.78125	0.25795
	0.7832	0.25521
	0.78516	0.25249
	0.78711	0.24978
	0.78906	0.24708
	0.79102	0.2444
	0.79297	0.24173
	0.79492	0.23907
	0.79688	0.23643
	0.79883	0.23379
	0.80078	0.23117
	0.80273	0.22856
	0.80469	0.22597
	0.80664	0.22338
	0.80859	0.22081
	0.81055	0.21824
	0.8125	0.21569
	0.81445	0.21315
	0.81641	0.21061
	0.81836	0.20809
	0.82031	0.20558
	0.82227	0.20308
	0.82422	0.20059
	0.82617	0.1981
	0.82813	0.19563
	0.83008	0.19317
	0.83203	0.19071
	0.83398	0.18827
	0.83594	0.18583
	0.83789	0.1834
	0.83984	0.18098
	0.8418	0.17857
	0.84375	0.17616
	0.8457	0.17377
	0.84766	0.17138
	0.84961	0.169
	0.85156	0.16663
	0.85352	0.16426
	0.85547	0.16191
	0.85742	0.15956
	0.85937	0.15721
	0.86133	0.15488
	0.86328	0.15255
	0.86523	0.15022
	0.86719	0.14791
	0.86914	0.1456
	0.87109	0.1433
	0.87305	0.141
	0.875	0.13871
	0.87695	0.13642
	0.87891	0.13414
	0.88086	0.13187
	0.88281	0.1296
	0.88477	0.12734
	0.88672	0.12508
	0.88867	0.12283
	0.89063	0.12058
	0.89258	0.11834
	0.89453	0.11611
	0.89648	0.11387
	0.89844	0.11165
	0.90039	0.10942
	0.90234	0.10721
	0.9043	0.10499
	0.90625	0.10278
	0.9082	0.10058
	0.91016	0.098378
	0.91211	0.096181
	0.91406	0.093988
	0.91602	0.091799
	0.91797	0.089614
	0.91992	0.087432
	0.92188	0.085254
	0.92383	0.08308
	0.92578	0.080908
	0.92773	0.07874
	0.92969	0.076575
	0.93164	0.074414
	0.93359	0.072255
	0.93555	0.070099
	0.9375	0.067946
	0.93945	0.065795
	0.94141	0.063647
	0.94336	0.061502
	0.94531	0.059359
	0.94727	0.057219
	0.94922	0.05508
	0.95117	0.052944
	0.95312	0.05081
	0.95508	0.048678
	0.95703	0.046548
	0.95898	0.04442
	0.96094	0.042293
	0.96289	0.040168
	0.96484	0.038045
	0.9668	0.035923
	0.96875	0.033803
	0.9707	0.031684
	0.97266	0.029566
	0.97461	0.027449
	0.97656	0.025334
	0.97852	0.023219
	0.98047	0.021105
	0.98242	0.018993
	0.98437	0.01688
	0.98633	0.014769
	0.98828	0.012658
	0.99023	0.010548
	0.99219	0.0084376
	0.99414	0.0063279
	0.99609	0.0042185
	0.99805	0.0021092
