	0	0
	0.0019531	-0.017401
	0.0039063	-0.034812
	0.0058594	-0.052241
	0.0078125	-0.069697
	0.0097656	-0.08719
	0.011719	-0.10473
	0.013672	-0.12232
	0.015625	-0.13998
	0.017578	-0.15771
	0.019531	-0.17553
	0.021484	-0.19343
	0.023438	-0.21144
	0.025391	-0.22956
	0.027344	-0.2478
	0.029297	-0.26617
	0.03125	-0.28468
	0.033203	-0.30333
	0.035156	-0.32215
	0.037109	-0.34113
	0.039062	-0.36029
	0.041016	-0.37964
	0.042969	-0.39919
	0.044922	-0.41894
	0.046875	-0.4389
	0.048828	-0.4591
	0.050781	-0.47952
	0.052734	-0.50019
	0.054688	-0.52111
	0.056641	-0.54229
	0.058594	-0.56375
	0.060547	-0.58548
	0.0625	-0.60749
	0.064453	-0.6298
	0.066406	-0.65242
	0.068359	-0.67534
	0.070312	-0.69857
	0.072266	-0.72212
	0.074219	-0.746
	0.076172	-0.77021
	0.078125	-0.79475
	0.080078	-0.81963
	0.082031	-0.84484
	0.083984	-0.87039
	0.085938	-0.89628
	0.087891	-0.9225
	0.089844	-0.94906
	0.091797	-0.97594
	0.09375	-1.0031
	0.095703	-1.0307
	0.097656	-1.0585
	0.099609	-1.0866
	0.10156	-1.1151
	0.10352	-1.1437
	0.10547	-1.1727
	0.10742	-1.2019
	0.10938	-1.2313
	0.11133	-1.2609
	0.11328	-1.2908
	0.11523	-1.3207
	0.11719	-1.3509
	0.11914	-1.3811
	0.12109	-1.4115
	0.12305	-1.4419
	0.125	-1.4724
	0.12695	-1.5029
	0.12891	-1.5334
	0.13086	-1.5638
	0.13281	-1.5943
	0.13477	-1.6246
	0.13672	-1.6549
	0.13867	-1.685
	0.14062	-1.715
	0.14258	-1.7448
	0.14453	-1.7745
	0.14648	-1.8039
	0.14844	-1.8332
	0.15039	-1.8622
	0.15234	-1.8909
	0.1543	-1.9195
	0.15625	-1.9477
	0.1582	-1.9757
	0.16016	-2.0033
	0.16211	-2.0307
	0.16406	-2.0579
	0.16602	-2.0847
	0.16797	-2.1112
	0.16992	-2.1374
	0.17188	-2.1633
	0.17383	-2.1889
	0.17578	-2.2143
	0.17773	-2.2393
	0.17969	-2.2641
	0.18164	-2.2886
	0.18359	-2.3128
	0.18555	-2.3368
	0.1875	-2.3605
	0.18945	-2.384
	0.19141	-2.4073
	0.19336	-2.4303
	0.19531	-2.4531
	0.19727	-2.4757
	0.19922	-2.4981
	0.20117	-2.5204
	0.20312	-2.5425
	0.20508	-2.5644
	0.20703	-2.5862
	0.20898	-2.6079
	0.21094	-2.6295
	0.21289	-2.6509
	0.21484	-2.6723
	0.2168	-2.6937
	0.21875	-2.7149
	0.2207	-2.7361
	0.22266	-2.7574
	0.22461	-2.7786
	0.22656	-2.7998
	0.22852	-2.821
	0.23047	-2.8423
	0.23242	-2.8636
	0.23437	-2.885
	0.23633	-2.9066
	0.23828	-2.9282
	0.24023	-2.9499
	0.24219	-2.9719
	0.24414	-2.9939
	0.24609	-3.0162
	0.24805	-3.0387
	0.25	-3.0614
	0.25195	-3.0844
	0.25391	-3.1076
	0.25586	-3.1312
	0.25781	-3.1551
	0.25977	-3.1793
	0.26172	-3.2039
	0.26367	-3.2289
	0.26563	-3.2543
	0.26758	-3.2802
	0.26953	-3.3066
	0.27148	-3.3334
	0.27344	-3.3608
	0.27539	-3.3888
	0.27734	-3.4173
	0.2793	-3.4465
	0.28125	-3.4763
	0.2832	-3.5068
	0.28516	-3.5379
	0.28711	-3.5698
	0.28906	-3.6024
	0.29102	-3.6358
	0.29297	-3.67
	0.29492	-3.7049
	0.29688	-3.7406
	0.29883	-3.7772
	0.30078	-3.8145
	0.30273	-3.8527
	0.30469	-3.8916
	0.30664	-3.9313
	0.30859	-3.9718
	0.31055	-4.013
	0.3125	-4.0548
	0.31445	-4.0973
	0.31641	-4.1404
	0.31836	-4.184
	0.32031	-4.2281
	0.32227	-4.2725
	0.32422	-4.3172
	0.32617	-4.3622
	0.32813	-4.4073
	0.33008	-4.4525
	0.33203	-4.4977
	0.33398	-4.5427
	0.33594	-4.5876
	0.33789	-4.6322
	0.33984	-4.6765
	0.3418	-4.7204
	0.34375	-4.7639
	0.3457	-4.8069
	0.34766	-4.8494
	0.34961	-4.8913
	0.35156	-4.9326
	0.35352	-4.9733
	0.35547	-5.0135
	0.35742	-5.053
	0.35938	-5.092
	0.36133	-5.1304
	0.36328	-5.1682
	0.36523	-5.2055
	0.36719	-5.2423
	0.36914	-5.2786
	0.37109	-5.3146
	0.37305	-5.3501
	0.375	-5.3854
	0.37695	-5.4203
	0.37891	-5.4551
	0.38086	-5.4897
	0.38281	-5.5242
	0.38477	-5.5586
	0.38672	-5.5932
	0.38867	-5.6278
	0.39063	-5.6627
	0.39258	-5.6978
	0.39453	-5.7333
	0.39648	-5.7693
	0.39844	-5.8059
	0.40039	-5.8432
	0.40234	-5.8812
	0.4043	-5.9203
	0.40625	-5.9603
	0.4082	-6.0016
	0.41016	-6.0443
	0.41211	-6.0885
	0.41406	-6.1344
	0.41602	-6.1822
	0.41797	-6.232
	0.41992	-6.2841
	0.42188	-6.3387
	0.42383	-6.3958
	0.42578	-6.4558
	0.42773	-6.5187
	0.42969	-6.5846
	0.43164	-6.6535
	0.43359	-6.7255
	0.43555	-6.8005
	0.4375	-6.8781
	0.43945	-6.9581
	0.44141	-7.0402
	0.44336	-7.1237
	0.44531	-7.2081
	0.44727	-7.2928
	0.44922	-7.3773
	0.45117	-7.4609
	0.45312	-7.5432
	0.45508	-7.6239
	0.45703	-7.7025
	0.45898	-7.779
	0.46094	-7.8535
	0.46289	-7.9259
	0.46484	-7.9966
	0.4668	-8.0658
	0.46875	-8.134
	0.4707	-8.2018
	0.47266	-8.2697
	0.47461	-8.3387
	0.47656	-8.4097
	0.47852	-8.4842
	0.48047	-8.5637
	0.48242	-8.6505
	0.48438	-8.7474
	0.48633	-8.8584
	0.48828	-8.9882
	0.49023	-9.1428
	0.49219	-9.3275
	0.49414	-9.5444
	0.49609	-9.7866
	0.49805	-10.0365
	0.5	-10.2718
	0.50195	-10.4771
	0.50391	-10.6481
	0.50586	-10.7879
	0.50781	-10.9021
	0.50977	-10.9964
	0.51172	-11.0753
	0.51367	-11.1424
	0.51563	-11.2002
	0.51758	-11.2507
	0.51953	-11.2953
	0.52148	-11.3351
	0.52344	-11.371
	0.52539	-11.4037
	0.52734	-11.4336
	0.5293	-11.4612
	0.53125	-11.4867
	0.5332	-11.5105
	0.53516	-11.5327
	0.53711	-11.5536
	0.53906	-11.5733
	0.54102	-11.5919
	0.54297	-11.6096
	0.54492	-11.6264
	0.54688	-11.6425
	0.54883	-11.6578
	0.55078	-11.6724
	0.55273	-11.6865
	0.55469	-11.7
	0.55664	-11.713
	0.55859	-11.7255
	0.56055	-11.7376
	0.5625	-11.7493
	0.56445	-11.7606
	0.56641	-11.7716
	0.56836	-11.7822
	0.57031	-11.7925
	0.57227	-11.8025
	0.57422	-11.8122
	0.57617	-11.8217
	0.57813	-11.8309
	0.58008	-11.8399
	0.58203	-11.8487
	0.58398	-11.8572
	0.58594	-11.8656
	0.58789	-11.8737
	0.58984	-11.8817
	0.5918	-11.8895
	0.59375	-11.8971
	0.5957	-11.9046
	0.59766	-11.9119
	0.59961	-11.9191
	0.60156	-11.9262
	0.60352	-11.9331
	0.60547	-11.9398
	0.60742	-11.9465
	0.60937	-11.953
	0.61133	-11.9594
	0.61328	-11.9657
	0.61523	-11.9719
	0.61719	-11.978
	0.61914	-11.984
	0.62109	-11.9899
	0.62305	-11.9958
	0.625	-12.0015
	0.62695	-12.0071
	0.62891	-12.0127
	0.63086	-12.0181
	0.63281	-12.0235
	0.63477	-12.0288
	0.63672	-12.0341
	0.63867	-12.0392
	0.64063	-12.0443
	0.64258	-12.0494
	0.64453	-12.0543
	0.64648	-12.0592
	0.64844	-12.0641
	0.65039	-12.0689
	0.65234	-12.0736
	0.6543	-12.0782
	0.65625	-12.0829
	0.6582	-12.0874
	0.66016	-12.0919
	0.66211	-12.0964
	0.66406	-12.1008
	0.66602	-12.1051
	0.66797	-12.1094
	0.66992	-12.1137
	0.67188	-12.1179
	0.67383	-12.1221
	0.67578	-12.1262
	0.67773	-12.1303
	0.67969	-12.1343
	0.68164	-12.1384
	0.68359	-12.1423
	0.68555	-12.1462
	0.6875	-12.1501
	0.68945	-12.154
	0.69141	-12.1578
	0.69336	-12.1616
	0.69531	-12.1654
	0.69727	-12.1691
	0.69922	-12.1728
	0.70117	-12.1764
	0.70313	-12.1801
	0.70508	-12.1836
	0.70703	-12.1872
	0.70898	-12.1907
	0.71094	-12.1943
	0.71289	-12.1977
	0.71484	-12.2012
	0.7168	-12.2046
	0.71875	-12.208
	0.7207	-12.2114
	0.72266	-12.2147
	0.72461	-12.2181
	0.72656	-12.2214
	0.72852	-12.2246
	0.73047	-12.2279
	0.73242	-12.2311
	0.73438	-12.2343
	0.73633	-12.2375
	0.73828	-12.2407
	0.74023	-12.2438
	0.74219	-12.2469
	0.74414	-12.25
	0.74609	-12.2531
	0.74805	-12.2562
	0.75	-12.2592
	0.75195	-12.2622
	0.75391	-12.2652
	0.75586	-12.2682
	0.75781	-12.2712
	0.75977	-12.2741
	0.76172	-12.2771
	0.76367	-12.28
	0.76563	-12.2829
	0.76758	-12.2858
	0.76953	-12.2886
	0.77148	-12.2915
	0.77344	-12.2943
	0.77539	-12.2972
	0.77734	-12.3
	0.7793	-12.3028
	0.78125	-12.3055
	0.7832	-12.3083
	0.78516	-12.3111
	0.78711	-12.3138
	0.78906	-12.3165
	0.79102	-12.3192
	0.79297	-12.3219
	0.79492	-12.3246
	0.79688	-12.3273
	0.79883	-12.3299
	0.80078	-12.3326
	0.80273	-12.3352
	0.80469	-12.3378
	0.80664	-12.3404
	0.80859	-12.343
	0.81055	-12.3456
	0.8125	-12.3482
	0.81445	-12.3508
	0.81641	-12.3533
	0.81836	-12.3559
	0.82031	-12.3584
	0.82227	-12.361
	0.82422	-12.3635
	0.82617	-12.366
	0.82813	-12.3685
	0.83008	-12.371
	0.83203	-12.3734
	0.83398	-12.3759
	0.83594	-12.3784
	0.83789	-12.3808
	0.83984	-12.3833
	0.8418	-12.3857
	0.84375	-12.3881
	0.8457	-12.3906
	0.84766	-12.393
	0.84961	-12.3954
	0.85156	-12.3978
	0.85352	-12.4002
	0.85547	-12.4026
	0.85742	-12.4049
	0.85937	-12.4073
	0.86133	-12.4097
	0.86328	-12.412
	0.86523	-12.4144
	0.86719	-12.4167
	0.86914	-12.419
	0.87109	-12.4214
	0.87305	-12.4237
	0.875	-12.426
	0.87695	-12.4283
	0.87891	-12.4306
	0.88086	-12.4329
	0.88281	-12.4352
	0.88477	-12.4375
	0.88672	-12.4398
	0.88867	-12.4421
	0.89063	-12.4443
	0.89258	-12.4466
	0.89453	-12.4489
	0.89648	-12.4511
	0.89844	-12.4534
	0.90039	-12.4556
	0.90234	-12.4579
	0.9043	-12.4601
	0.90625	-12.4623
	0.9082	-12.4646
	0.91016	-12.4668
	0.91211	-12.469
	0.91406	-12.4712
	0.91602	-12.4734
	0.91797	-12.4757
	0.91992	-12.4779
	0.92188	-12.4801
	0.92383	-12.4823
	0.92578	-12.4845
	0.92773	-12.4867
	0.92969	-12.4889
	0.93164	-12.491
	0.93359	-12.4932
	0.93555	-12.4954
	0.9375	-12.4976
	0.93945	-12.4998
	0.94141	-12.5019
	0.94336	-12.5041
	0.94531	-12.5063
	0.94727	-12.5084
	0.94922	-12.5106
	0.95117	-12.5128
	0.95312	-12.5149
	0.95508	-12.5171
	0.95703	-12.5192
	0.95898	-12.5214
	0.96094	-12.5236
	0.96289	-12.5257
	0.96484	-12.5279
	0.9668	-12.53
	0.96875	-12.5321
	0.9707	-12.5343
	0.97266	-12.5364
	0.97461	-12.5386
	0.97656	-12.5407
	0.97852	-12.5429
	0.98047	-12.545
	0.98242	-12.5471
	0.98437	-12.5493
	0.98633	-12.5514
	0.98828	-12.5536
	0.99023	-12.5554
	0.99219	-12.5578
	0.99414	-12.5241
	0.99609	-9.4253
	0.99805	-9.4185
