	0	-2
	0.0019531	-1.9998
	0.0039063	-1.9994
	0.0058594	-1.9986
	0.0078125	-1.9975
	0.0097656	-1.996
	0.011719	-1.9943
	0.013672	-1.9922
	0.015625	-1.9898
	0.017578	-1.9871
	0.019531	-1.9841
	0.021484	-1.9808
	0.023438	-1.9771
	0.025391	-1.9732
	0.027344	-1.9689
	0.029297	-1.9643
	0.03125	-1.9593
	0.033203	-1.9541
	0.035156	-1.9486
	0.037109	-1.9427
	0.039062	-1.9365
	0.041016	-1.93
	0.042969	-1.9232
	0.044922	-1.9161
	0.046875	-1.9086
	0.048828	-1.9008
	0.050781	-1.8928
	0.052734	-1.8844
	0.054688	-1.8757
	0.056641	-1.8667
	0.058594	-1.8573
	0.060547	-1.8477
	0.0625	-1.8378
	0.064453	-1.8275
	0.066406	-1.8169
	0.068359	-1.806
	0.070312	-1.7949
	0.072266	-1.7834
	0.074219	-1.7716
	0.076172	-1.7594
	0.078125	-1.747
	0.080078	-1.7343
	0.082031	-1.7213
	0.083984	-1.708
	0.085938	-1.6943
	0.087891	-1.6804
	0.089844	-1.6662
	0.091797	-1.6517
	0.09375	-1.6369
	0.095703	-1.6218
	0.097656	-1.6064
	0.099609	-1.5907
	0.10156	-1.5747
	0.10352	-1.5585
	0.10547	-1.542
	0.10742	-1.5251
	0.10938	-1.508
	0.11133	-1.4907
	0.11328	-1.473
	0.11523	-1.4551
	0.11719	-1.437
	0.11914	-1.4185
	0.12109	-1.3998
	0.12305	-1.3809
	0.125	-1.3617
	0.12695	-1.3422
	0.12891	-1.3226
	0.13086	-1.3026
	0.13281	-1.2825
	0.13477	-1.2621
	0.13672	-1.2415
	0.13867	-1.2206
	0.14062	-1.1996
	0.14258	-1.1784
	0.14453	-1.1569
	0.14648	-1.1353
	0.14844	-1.1135
	0.15039	-1.0915
	0.15234	-1.0693
	0.1543	-1.047
	0.15625	-1.0245
	0.1582	-1.0019
	0.16016	-0.97909
	0.16211	-0.9562
	0.16406	-0.93319
	0.16602	-0.91008
	0.16797	-0.88687
	0.16992	-0.86358
	0.17188	-0.84022
	0.17383	-0.81679
	0.17578	-0.79332
	0.17773	-0.76982
	0.17969	-0.7463
	0.18164	-0.72277
	0.18359	-0.69925
	0.18555	-0.67576
	0.1875	-0.6523
	0.18945	-0.62891
	0.19141	-0.60559
	0.19336	-0.58236
	0.19531	-0.55924
	0.19727	-0.53625
	0.19922	-0.5134
	0.20117	-0.49073
	0.20312	-0.46825
	0.20508	-0.44597
	0.20703	-0.42393
	0.20898	-0.40215
	0.21094	-0.38064
	0.21289	-0.35944
	0.21484	-0.33856
	0.2168	-0.31804
	0.21875	-0.29789
	0.2207	-0.27815
	0.22266	-0.25884
	0.22461	-0.23999
	0.22656	-0.22162
	0.22852	-0.20376
	0.23047	-0.18645
	0.23242	-0.16971
	0.23437	-0.15356
	0.23633	-0.13805
	0.23828	-0.1232
	0.24023	-0.10905
	0.24219	-0.095607
	0.24414	-0.082921
	0.24609	-0.071017
	0.24805	-0.059925
	0.25	-0.049677
	0.25195	-0.040302
	0.25391	-0.031831
	0.25586	-0.024294
	0.25781	-0.017719
	0.25977	-0.012136
	0.26172	-0.0075721
	0.26367	-0.0040559
	0.26563	-0.0016138
	0.26758	-0.00027165
	0.26953	-5.4429e-05
	0.27148	-0.00098593
	0.27344	-0.0030888
	0.27539	-0.0063843
	0.27734	-0.010892
	0.2793	-0.016632
	0.28125	-0.023619
	0.2832	-0.031869
	0.28516	-0.041395
	0.28711	-0.05221
	0.28906	-0.064321
	0.29102	-0.077737
	0.29297	-0.092463
	0.29492	-0.1085
	0.29688	-0.12585
	0.29883	-0.14452
	0.30078	-0.16449
	0.30273	-0.18576
	0.30469	-0.20832
	0.30664	-0.23216
	0.30859	-0.25727
	0.31055	-0.28362
	0.3125	-0.31121
	0.31445	-0.34
	0.31641	-0.36996
	0.31836	-0.40108
	0.32031	-0.43332
	0.32227	-0.46665
	0.32422	-0.50103
	0.32617	-0.53642
	0.32813	-0.57278
	0.33008	-0.61007
	0.33203	-0.64824
	0.33398	-0.68723
	0.33594	-0.727
	0.33789	-0.76749
	0.33984	-0.80864
	0.3418	-0.8504
	0.34375	-0.89269
	0.3457	-0.93546
	0.34766	-0.97863
	0.34961	-1.0221
	0.35156	-1.0659
	0.35352	-1.1099
	0.35547	-1.1539
	0.35742	-1.198
	0.35938	-1.242
	0.36133	-1.2859
	0.36328	-1.3295
	0.36523	-1.3728
	0.36719	-1.4156
	0.36914	-1.458
	0.37109	-1.4997
	0.37305	-1.5406
	0.375	-1.5807
	0.37695	-1.6198
	0.37891	-1.6579
	0.38086	-1.6947
	0.38281	-1.7302
	0.38477	-1.7642
	0.38672	-1.7966
	0.38867	-1.8272
	0.39063	-1.8559
	0.39258	-1.8826
	0.39453	-1.907
	0.39648	-1.929
	0.39844	-1.9484
	0.40039	-1.965
	0.40234	-1.9787
	0.4043	-1.9892
	0.40625	-1.9962
	0.4082	-1.9997
	0.41016	-1.9993
	0.41211	-1.9948
	0.41406	-1.9859
	0.41602	-1.9723
	0.41797	-1.9539
	0.41992	-1.9302
	0.42188	-1.9011
	0.42383	-1.8662
	0.42578	-1.8251
	0.42773	-1.7777
	0.42969	-1.7236
	0.43164	-1.6625
	0.43359	-1.5942
	0.43555	-1.5185
	0.4375	-1.4353
	0.43945	-1.3445
	0.44141	-1.2462
	0.44336	-1.1407
	0.44531	-1.0284
	0.44727	-0.91029
	0.44922	-0.78743
	0.45117	-0.66158
	0.45312	-0.53508
	0.45508	-0.41104
	0.45703	-0.29349
	0.45898	-0.18741
	0.46094	-0.098831
	0.46289	-0.034654
	0.46484	-0.0023671
	0.4668	-0.0094589
	0.46875	-0.062564
	0.4707	-0.16639
	0.47266	-0.32253
	0.47461	-0.52846
	0.47656	-0.77673
	0.47852	-1.0545
	0.48047	-1.3432
	0.48242	-1.6178
	0.48438	-1.8456
	0.48633	-1.9829
	0.48828	-1.9701
	0.49023	-1.7265
	0.49219	-1.1631
	0.49414	-0.3317
	0.49609	-0.11512
	0.49805	-1.7428
	0.5	-2
	0.50195	-31.6822
	0.50391	-33.9165
	0.50586	-53.8646
	0.50781	-35.2684
	0.50977	-31.6999
	0.51172	-30.3762
	0.51367	-30.0038
	0.51563	-30.1681
	0.51758	-30.6939
	0.51953	-31.5013
	0.52148	-32.5598
	0.52344	-33.8722
	0.52539	-35.4742
	0.52734	-37.4466
	0.5293	-39.954
	0.53125	-43.3639
	0.5332	-48.7444
	0.53516	-63.5256
	0.53711	-53.2958
	0.53906	-46.3184
	0.54102	-42.6912
	0.54297	-40.2842
	0.54492	-38.5167
	0.54688	-37.1442
	0.54883	-36.0403
	0.55078	-35.1309
	0.55273	-34.3691
	0.55469	-33.7228
	0.55664	-33.1696
	0.55859	-32.6928
	0.56055	-32.2799
	0.5625	-31.9213
	0.56445	-31.6091
	0.56641	-31.3374
	0.56836	-31.101
	0.57031	-30.8958
	0.57227	-30.7184
	0.57422	-30.5659
	0.57617	-30.4358
	0.57813	-30.3261
	0.58008	-30.2348
	0.58203	-30.1604
	0.58398	-30.1016
	0.58594	-30.0572
	0.58789	-30.026
	0.58984	-30.0073
	0.5918	-30.0001
	0.59375	-30.0038
	0.5957	-30.0177
	0.59766	-30.0412
	0.59961	-30.0738
	0.60156	-30.1151
	0.60352	-30.1647
	0.60547	-30.2222
	0.60742	-30.2873
	0.60937	-30.3596
	0.61133	-30.439
	0.61328	-30.5253
	0.61523	-30.6182
	0.61719	-30.7175
	0.61914	-30.8231
	0.62109	-30.9349
	0.62305	-31.0528
	0.625	-31.1767
	0.62695	-31.3065
	0.62891	-31.4422
	0.63086	-31.5837
	0.63281	-31.731
	0.63477	-31.8842
	0.63672	-32.0432
	0.63867	-32.2081
	0.64063	-32.3789
	0.64258	-32.5557
	0.64453	-32.7385
	0.64648	-32.9276
	0.64844	-33.1229
	0.65039	-33.3246
	0.65234	-33.5329
	0.6543	-33.748
	0.65625	-33.9701
	0.6582	-34.1993
	0.66016	-34.436
	0.66211	-34.6803
	0.66406	-34.9328
	0.66602	-35.1936
	0.66797	-35.4632
	0.66992	-35.742
	0.67188	-36.0304
	0.67383	-36.3291
	0.67578	-36.6386
	0.67773	-36.9595
	0.67969	-37.2926
	0.68164	-37.6387
	0.68359	-37.9989
	0.68555	-38.374
	0.6875	-38.7653
	0.68945	-39.1742
	0.69141	-39.6022
	0.69336	-40.0512
	0.69531	-40.5231
	0.69727	-41.0205
	0.69922	-41.5462
	0.70117	-42.1035
	0.70313	-42.6966
	0.70508	-43.3303
	0.70703	-44.0108
	0.70898	-44.7455
	0.71094	-45.544
	0.71289	-46.4187
	0.71484	-47.386
	0.7168	-48.4683
	0.71875	-49.6974
	0.7207	-51.1204
	0.72266	-52.812
	0.72461	-54.8999
	0.72656	-57.6337
	0.72852	-61.6127
	0.73047	-69.0901
	0.73242	-78.0614
	0.73438	-64.4678
	0.73633	-59.4334
	0.73828	-56.2859
	0.74023	-53.9954
	0.74219	-52.1967
	0.74414	-50.7177
	0.74609	-49.4634
	0.74805	-48.3755
	0.75	-47.4162
	0.75195	-46.5589
	0.75391	-45.7848
	0.75586	-45.0798
	0.75781	-44.4329
	0.75977	-43.8359
	0.76172	-43.2819
	0.76367	-42.7656
	0.76563	-42.2824
	0.76758	-41.8287
	0.76953	-41.4013
	0.77148	-40.9975
	0.77344	-40.6153
	0.77539	-40.2524
	0.77734	-39.9074
	0.7793	-39.5786
	0.78125	-39.2649
	0.7832	-38.9649
	0.78516	-38.6779
	0.78711	-38.4027
	0.78906	-38.1386
	0.79102	-37.8848
	0.79297	-37.6408
	0.79492	-37.4059
	0.79688	-37.1795
	0.79883	-36.9612
	0.80078	-36.7504
	0.80273	-36.5469
	0.80469	-36.3502
	0.80664	-36.1599
	0.80859	-35.9757
	0.81055	-35.7974
	0.8125	-35.6246
	0.81445	-35.4571
	0.81641	-35.2946
	0.81836	-35.137
	0.82031	-34.984
	0.82227	-34.8354
	0.82422	-34.6911
	0.82617	-34.5508
	0.82813	-34.4145
	0.83008	-34.2819
	0.83203	-34.1529
	0.83398	-34.0274
	0.83594	-33.9053
	0.83789	-33.7864
	0.83984	-33.6706
	0.8418	-33.5579
	0.84375	-33.448
	0.8457	-33.3411
	0.84766	-33.2368
	0.84961	-33.1352
	0.85156	-33.0361
	0.85352	-32.9396
	0.85547	-32.8455
	0.85742	-32.7537
	0.85937	-32.6642
	0.86133	-32.5769
	0.86328	-32.4918
	0.86523	-32.4088
	0.86719	-32.3278
	0.86914	-32.2489
	0.87109	-32.1718
	0.87305	-32.0967
	0.875	-32.0234
	0.87695	-31.9519
	0.87891	-31.8822
	0.88086	-31.8142
	0.88281	-31.7479
	0.88477	-31.6832
	0.88672	-31.6202
	0.88867	-31.5587
	0.89063	-31.4988
	0.89258	-31.4403
	0.89453	-31.3834
	0.89648	-31.3279
	0.89844	-31.2738
	0.90039	-31.2212
	0.90234	-31.1699
	0.9043	-31.1199
	0.90625	-31.0713
	0.9082	-31.024
	0.91016	-30.978
	0.91211	-30.9332
	0.91406	-30.8896
	0.91602	-30.8473
	0.91797	-30.8062
	0.91992	-30.7663
	0.92188	-30.7275
	0.92383	-30.6899
	0.92578	-30.6534
	0.92773	-30.618
	0.92969	-30.5837
	0.93164	-30.5505
	0.93359	-30.5184
	0.93555	-30.4874
	0.9375	-30.4574
	0.93945	-30.4284
	0.94141	-30.4005
	0.94336	-30.3735
	0.94531	-30.3476
	0.94727	-30.3227
	0.94922	-30.2988
	0.95117	-30.2758
	0.95312	-30.2538
	0.95508	-30.2328
	0.95703	-30.2127
	0.95898	-30.1935
	0.96094	-30.1753
	0.96289	-30.158
	0.96484	-30.1417
	0.9668	-30.1263
	0.96875	-30.1117
	0.9707	-30.0981
	0.97266	-30.0854
	0.97461	-30.0736
	0.97656	-30.0626
	0.97852	-30.0526
	0.98047	-30.0434
	0.98242	-30.0352
	0.98437	-30.0278
	0.98633	-30.0213
	0.98828	-30.0156
	0.99023	-30.0108
	0.99219	-30.0069
	0.99414	-30.0039
	0.99609	-30.0017
	0.99805	-30.0004
