	0	0
	0.0019531	-0.0066461
	0.0039063	-0.013293
	0.0058594	-0.019941
	0.0078125	-0.026591
	0.0097656	-0.033244
	0.011719	-0.039901
	0.013672	-0.046561
	0.015625	-0.053226
	0.017578	-0.059897
	0.019531	-0.066573
	0.021484	-0.073257
	0.023438	-0.079948
	0.025391	-0.086647
	0.027344	-0.093355
	0.029297	-0.10007
	0.03125	-0.1068
	0.033203	-0.11354
	0.035156	-0.12029
	0.037109	-0.12705
	0.039062	-0.13383
	0.041016	-0.14062
	0.042969	-0.14742
	0.044922	-0.15424
	0.046875	-0.16108
	0.048828	-0.16793
	0.050781	-0.1748
	0.052734	-0.18168
	0.054688	-0.18859
	0.056641	-0.19551
	0.058594	-0.20246
	0.060547	-0.20942
	0.0625	-0.21641
	0.064453	-0.22342
	0.066406	-0.23045
	0.068359	-0.23751
	0.070312	-0.24459
	0.072266	-0.2517
	0.074219	-0.25883
	0.076172	-0.26599
	0.078125	-0.27318
	0.080078	-0.2804
	0.082031	-0.28764
	0.083984	-0.29492
	0.085938	-0.30222
	0.087891	-0.30956
	0.089844	-0.31693
	0.091797	-0.32434
	0.09375	-0.33177
	0.095703	-0.33924
	0.097656	-0.34675
	0.099609	-0.3543
	0.10156	-0.36188
	0.10352	-0.3695
	0.10547	-0.37715
	0.10742	-0.38485
	0.10938	-0.39259
	0.11133	-0.40037
	0.11328	-0.40819
	0.11523	-0.41606
	0.11719	-0.42397
	0.11914	-0.43192
	0.12109	-0.43992
	0.12305	-0.44796
	0.125	-0.45606
	0.12695	-0.4642
	0.12891	-0.47239
	0.13086	-0.48063
	0.13281	-0.48892
	0.13477	-0.49726
	0.13672	-0.50566
	0.13867	-0.51411
	0.14062	-0.52261
	0.14258	-0.53117
	0.14453	-0.53978
	0.14648	-0.54845
	0.14844	-0.55718
	0.15039	-0.56597
	0.15234	-0.57482
	0.1543	-0.58372
	0.15625	-0.59269
	0.1582	-0.60173
	0.16016	-0.61082
	0.16211	-0.61998
	0.16406	-0.6292
	0.16602	-0.63849
	0.16797	-0.64785
	0.16992	-0.65727
	0.17188	-0.66676
	0.17383	-0.67632
	0.17578	-0.68595
	0.17773	-0.69565
	0.17969	-0.70542
	0.18164	-0.71526
	0.18359	-0.72518
	0.18555	-0.73517
	0.1875	-0.74523
	0.18945	-0.75537
	0.19141	-0.76559
	0.19336	-0.77588
	0.19531	-0.78625
	0.19727	-0.79669
	0.19922	-0.80722
	0.20117	-0.81782
	0.20312	-0.82851
	0.20508	-0.83927
	0.20703	-0.85011
	0.20898	-0.86104
	0.21094	-0.87204
	0.21289	-0.88313
	0.21484	-0.8943
	0.2168	-0.90556
	0.21875	-0.91689
	0.2207	-0.92831
	0.22266	-0.93981
	0.22461	-0.9514
	0.22656	-0.96307
	0.22852	-0.97483
	0.23047	-0.98667
	0.23242	-0.99859
	0.23437	-1.0106
	0.23633	-1.0227
	0.23828	-1.0349
	0.24023	-1.0471
	0.24219	-1.0595
	0.24414	-1.0719
	0.24609	-1.0844
	0.24805	-1.097
	0.25	-1.1097
	0.25195	-1.1225
	0.25391	-1.1353
	0.25586	-1.1482
	0.25781	-1.1612
	0.25977	-1.1743
	0.26172	-1.1875
	0.26367	-1.2007
	0.26563	-1.2141
	0.26758	-1.2275
	0.26953	-1.241
	0.27148	-1.2545
	0.27344	-1.2682
	0.27539	-1.2819
	0.27734	-1.2957
	0.2793	-1.3095
	0.28125	-1.3234
	0.2832	-1.3374
	0.28516	-1.3515
	0.28711	-1.3657
	0.28906	-1.3799
	0.29102	-1.3942
	0.29297	-1.4085
	0.29492	-1.4229
	0.29688	-1.4374
	0.29883	-1.4519
	0.30078	-1.4665
	0.30273	-1.4812
	0.30469	-1.4959
	0.30664	-1.5107
	0.30859	-1.5255
	0.31055	-1.5404
	0.3125	-1.5554
	0.31445	-1.5704
	0.31641	-1.5855
	0.31836	-1.6006
	0.32031	-1.6158
	0.32227	-1.631
	0.32422	-1.6463
	0.32617	-1.6617
	0.32813	-1.6771
	0.33008	-1.6926
	0.33203	-1.7081
	0.33398	-1.7236
	0.33594	-1.7393
	0.33789	-1.755
	0.33984	-1.7707
	0.3418	-1.7865
	0.34375	-1.8024
	0.3457	-1.8184
	0.34766	-1.8344
	0.34961	-1.8504
	0.35156	-1.8666
	0.35352	-1.8828
	0.35547	-1.8991
	0.35742	-1.9155
	0.35938	-1.932
	0.36133	-1.9485
	0.36328	-1.9652
	0.36523	-1.9819
	0.36719	-1.9988
	0.36914	-2.0158
	0.37109	-2.0329
	0.37305	-2.0501
	0.375	-2.0675
	0.37695	-2.085
	0.37891	-2.1027
	0.38086	-2.1205
	0.38281	-2.1385
	0.38477	-2.1567
	0.38672	-2.1751
	0.38867	-2.1937
	0.39063	-2.2126
	0.39258	-2.2317
	0.39453	-2.2511
	0.39648	-2.2708
	0.39844	-2.2908
	0.40039	-2.3111
	0.40234	-2.3318
	0.4043	-2.3528
	0.40625	-2.3743
	0.4082	-2.3963
	0.41016	-2.4187
	0.41211	-2.4417
	0.41406	-2.4652
	0.41602	-2.4894
	0.41797	-2.5142
	0.41992	-2.5397
	0.42188	-2.566
	0.42383	-2.5932
	0.42578	-2.6213
	0.42773	-2.6503
	0.42969	-2.6804
	0.43164	-2.7117
	0.43359	-2.7442
	0.43555	-2.7781
	0.4375	-2.8134
	0.43945	-2.8503
	0.44141	-2.8889
	0.44336	-2.9294
	0.44531	-2.9718
	0.44727	-3.0163
	0.44922	-3.063
	0.45117	-3.1122
	0.45312	-3.1639
	0.45508	-3.2182
	0.45703	-3.2753
	0.45898	-3.3352
	0.46094	-3.3981
	0.46289	-3.4638
	0.46484	-3.5324
	0.4668	-3.6038
	0.46875	-3.678
	0.4707	-3.7547
	0.47266	-3.8338
	0.47461	-3.9151
	0.47656	-3.9987
	0.47852	-4.0843
	0.48047	-4.1724
	0.48242	-4.2634
	0.48438	-4.3583
	0.48633	-4.4588
	0.48828	-4.5679
	0.49023	-4.6905
	0.49219	-4.8355
	0.49414	-5.0182
	0.49609	-5.266
	0.49805	-5.617
	0.5	-6.0779
	0.50195	-6.5449
	0.50391	-6.9029
	0.50586	-7.1489
	0.50781	-7.3212
	0.50977	-7.4488
	0.51172	-7.5484
	0.51367	-7.6295
	0.51563	-4.5563
	0.51758	-4.6153
	0.51953	-4.6674
	0.52148	-4.7139
	0.52344	-4.7561
	0.52539	-4.7946
	0.52734	-4.8302
	0.5293	-4.8631
	0.53125	-4.8939
	0.5332	-4.9227
	0.53516	-4.9498
	0.53711	-4.9754
	0.53906	-4.9997
	0.54102	-5.0227
	0.54297	-5.0447
	0.54492	-5.0656
	0.54688	-5.0856
	0.54883	-5.1049
	0.55078	-1.9817
	0.55273	-1.9994
	0.55469	-2.0165
	0.55664	-2.033
	0.55859	-2.0488
	0.56055	-2.0642
	0.5625	-2.0791
	0.56445	-2.0935
	0.56641	-2.1074
	0.56836	-2.121
	0.57031	-2.1341
	0.57227	-2.1469
	0.57422	-2.1594
	0.57617	-2.1715
	0.57813	-2.1833
	0.58008	-2.1949
	0.58203	-2.2061
	0.58398	-2.2171
	0.58594	-2.2278
	0.58789	-2.2383
	0.58984	-2.2485
	0.5918	-2.2586
	0.59375	-2.2684
	0.5957	-2.278
	0.59766	-2.2875
	0.59961	-2.2967
	0.60156	-2.3058
	0.60352	-2.3147
	0.60547	-2.3234
	0.60742	-2.332
	0.60937	-2.3405
	0.61133	-2.3488
	0.61328	-2.3569
	0.61523	-2.3649
	0.61719	-2.3728
	0.61914	-2.3806
	0.62109	-2.3882
	0.62305	-2.3957
	0.625	-2.4031
	0.62695	-2.4104
	0.62891	-2.4176
	0.63086	-2.4247
	0.63281	-2.4317
	0.63477	-2.4386
	0.63672	-2.4454
	0.63867	-2.4521
	0.64063	-2.4587
	0.64258	-2.4652
	0.64453	-2.4717
	0.64648	-2.478
	0.64844	-2.4843
	0.65039	-2.4905
	0.65234	-2.4967
	0.6543	-2.5028
	0.65625	-2.5088
	0.6582	-2.5147
	0.66016	-2.5205
	0.66211	-2.5263
	0.66406	-2.5321
	0.66602	-2.5377
	0.66797	-2.5434
	0.66992	-2.5489
	0.67188	-2.5544
	0.67383	-2.5598
	0.67578	-2.5652
	0.67773	-2.5706
	0.67969	-2.5758
	0.68164	-2.5811
	0.68359	-2.5863
	0.68555	-2.5914
	0.6875	-2.5965
	0.68945	-2.6015
	0.69141	-2.6065
	0.69336	-2.6115
	0.69531	-2.6164
	0.69727	-2.6212
	0.69922	-2.626
	0.70117	-2.6308
	0.70313	-2.6356
	0.70508	-2.6403
	0.70703	-2.6449
	0.70898	-2.6495
	0.71094	-2.6541
	0.71289	-2.6587
	0.71484	-2.6632
	0.7168	-2.6677
	0.71875	-2.6721
	0.7207	-2.6766
	0.72266	-2.6809
	0.72461	-2.6853
	0.72656	-2.6896
	0.72852	-2.6939
	0.73047	-2.6982
	0.73242	-2.7024
	0.73438	-2.7066
	0.73633	-2.7108
	0.73828	-2.7149
	0.74023	-2.719
	0.74219	-2.7231
	0.74414	-2.7272
	0.74609	-2.7312
	0.74805	-2.7352
	0.75	-2.7392
	0.75195	0.39842
	0.75391	0.39448
	0.75586	0.39057
	0.75781	0.38668
	0.75977	0.38281
	0.76172	0.37896
	0.76367	0.37514
	0.76563	0.37133
	0.76758	0.36755
	0.76953	0.36379
	0.77148	0.36005
	0.77344	0.35633
	0.77539	0.35263
	0.77734	0.34895
	0.7793	0.34529
	0.78125	0.34165
	0.7832	0.33802
	0.78516	0.33442
	0.78711	0.33083
	0.78906	0.32726
	0.79102	0.3237
	0.79297	0.32017
	0.79492	0.31665
	0.79688	0.31315
	0.79883	0.30966
	0.80078	0.30619
	0.80273	0.30273
	0.80469	0.29929
	0.80664	0.29587
	0.80859	0.29245
	0.81055	0.28906
	0.8125	0.28568
	0.81445	0.28231
	0.81641	0.27896
	0.81836	0.27562
	0.82031	0.27229
	0.82227	0.26897
	0.82422	0.26567
	0.82617	0.26239
	0.82813	0.25911
	0.83008	0.25585
	0.83203	0.25259
	0.83398	0.24936
	0.83594	0.24613
	0.83789	0.24291
	0.83984	0.23971
	0.8418	0.23651
	0.84375	0.23333
	0.8457	0.23015
	0.84766	0.22699
	0.84961	0.22384
	0.85156	0.2207
	0.85352	0.21757
	0.85547	0.21444
	0.85742	0.21133
	0.85937	0.20823
	0.86133	0.20513
	0.86328	0.20205
	0.86523	0.19897
	0.86719	0.1959
	0.86914	0.19284
	0.87109	0.18979
	0.87305	0.18675
	0.875	0.18372
	0.87695	0.18069
	0.87891	0.17767
	0.88086	0.17466
	0.88281	0.17166
	0.88477	0.16866
	0.88672	0.16567
	0.88867	0.16269
	0.89063	0.15971
	0.89258	0.15674
	0.89453	0.15378
	0.89648	0.15082
	0.89844	0.14787
	0.90039	0.14493
	0.90234	0.14199
	0.9043	0.13906
	0.90625	0.13614
	0.9082	0.13322
	0.91016	0.1303
	0.91211	0.12739
	0.91406	0.12449
	0.91602	0.12159
	0.91797	0.11869
	0.91992	0.1158
	0.92188	0.11292
	0.92383	0.11004
	0.92578	0.10716
	0.92773	0.10429
	0.92969	0.10142
	0.93164	0.09856
	0.93359	0.0957
	0.93555	0.092845
	0.9375	0.089993
	0.93945	0.087145
	0.94141	0.0843
	0.94336	0.081458
	0.94531	0.07862
	0.94727	0.075785
	0.94922	0.072953
	0.95117	0.070124
	0.95312	0.067297
	0.95508	0.064473
	0.95703	0.061652
	0.95898	0.058833
	0.96094	0.056017
	0.96289	0.053202
	0.96484	0.05039
	0.9668	0.04758
	0.96875	0.044771
	0.9707	0.041965
	0.97266	0.03916
	0.97461	0.036356
	0.97656	0.033554
	0.97852	0.030753
	0.98047	0.027954
	0.98242	0.025155
	0.98437	0.022358
	0.98633	0.019561
	0.98828	0.016765
	0.99023	0.01397
	0.99219	0.011175
	0.99414	0.0083812
	0.99609	0.0055873
	0.99805	0.0027936
