	0	-1
	0.0019531	-0.9999
	0.0039063	-0.9996
	0.0058594	-0.9991
	0.0078125	-0.9984
	0.0097656	-0.9975
	0.011719	-0.99641
	0.013672	-0.99511
	0.015625	-0.99361
	0.017578	-0.99192
	0.019531	-0.99003
	0.021484	-0.98794
	0.023438	-0.98565
	0.025391	-0.98316
	0.027344	-0.98048
	0.029297	-0.9776
	0.03125	-0.97453
	0.033203	-0.97126
	0.035156	-0.96779
	0.037109	-0.96413
	0.039062	-0.96028
	0.041016	-0.95623
	0.042969	-0.95199
	0.044922	-0.94756
	0.046875	-0.94294
	0.048828	-0.93813
	0.050781	-0.93313
	0.052734	-0.92794
	0.054688	-0.92257
	0.056641	-0.91701
	0.058594	-0.91126
	0.060547	-0.90533
	0.0625	-0.89922
	0.064453	-0.89293
	0.066406	-0.88646
	0.068359	-0.8798
	0.070312	-0.87298
	0.072266	-0.86597
	0.074219	-0.85879
	0.076172	-0.85144
	0.078125	-0.84392
	0.080078	-0.83623
	0.082031	-0.82837
	0.083984	-0.82035
	0.085938	-0.81216
	0.087891	-0.80381
	0.089844	-0.7953
	0.091797	-0.78664
	0.09375	-0.77782
	0.095703	-0.76884
	0.097656	-0.75972
	0.099609	-0.75045
	0.10156	-0.74104
	0.10352	-0.73148
	0.10547	-0.72178
	0.10742	-0.71195
	0.10938	-0.70198
	0.11133	-0.69189
	0.11328	-0.68166
	0.11523	-0.67132
	0.11719	-0.66085
	0.11914	-0.65026
	0.12109	-0.63957
	0.12305	-0.62876
	0.125	-0.61785
	0.12695	-0.60684
	0.12891	-0.59573
	0.13086	-0.58452
	0.13281	-0.57323
	0.13477	-0.56186
	0.13672	-0.55041
	0.13867	-0.53888
	0.14062	-0.52729
	0.14258	-0.51563
	0.14453	-0.50391
	0.14648	-0.49215
	0.14844	-0.48033
	0.15039	-0.46847
	0.15234	-0.45658
	0.1543	-0.44466
	0.15625	-0.43272
	0.1582	-0.42076
	0.16016	-0.4088
	0.16211	-0.39683
	0.16406	-0.38486
	0.16602	-0.37291
	0.16797	-0.36098
	0.16992	-0.34908
	0.17188	-0.33721
	0.17383	-0.32538
	0.17578	-0.31361
	0.17773	-0.30189
	0.17969	-0.29025
	0.18164	-0.27868
	0.18359	-0.2672
	0.18555	-0.25581
	0.1875	-0.24453
	0.18945	-0.23336
	0.19141	-0.22232
	0.19336	-0.21141
	0.19531	-0.20065
	0.19727	-0.19004
	0.19922	-0.1796
	0.20117	-0.16933
	0.20312	-0.15925
	0.20508	-0.14936
	0.20703	-0.13969
	0.20898	-0.13023
	0.21094	-0.12101
	0.21289	-0.11203
	0.21484	-0.10331
	0.2168	-0.094846
	0.21875	-0.086665
	0.2207	-0.078775
	0.22266	-0.071187
	0.22461	-0.063913
	0.22656	-0.056965
	0.22852	-0.050357
	0.23047	-0.044099
	0.23242	-0.038204
	0.23437	-0.032684
	0.23633	-0.027552
	0.23828	-0.022819
	0.24023	-0.018498
	0.24219	-0.0146
	0.24414	-0.011136
	0.24609	-0.0081197
	0.24805	-0.005561
	0.25	-0.0034717
	0.25195	-0.0018626
	0.25391	-0.00074449
	0.25586	-0.00012784
	0.25781	-2.2801e-05
	0.25977	-0.00043917
	0.26172	-0.0013864
	0.26367	-0.0028735
	0.26563	-0.004909
	0.26758	-0.0075011
	0.26953	-0.010657
	0.27148	-0.014385
	0.27344	-0.01869
	0.27539	-0.023579
	0.27734	-0.029057
	0.2793	-0.035128
	0.28125	-0.041797
	0.2832	-0.049066
	0.28516	-0.056938
	0.28711	-0.065414
	0.28906	-0.074495
	0.29102	-0.08418
	0.29297	-0.09447
	0.29492	-0.10536
	0.29688	-0.11685
	0.29883	-0.12893
	0.30078	-0.1416
	0.30273	-0.15486
	0.30469	-0.16869
	0.30664	-0.18308
	0.30859	-0.19804
	0.31055	-0.21354
	0.3125	-0.22957
	0.31445	-0.24612
	0.31641	-0.26318
	0.31836	-0.28072
	0.32031	-0.29874
	0.32227	-0.31721
	0.32422	-0.33611
	0.32617	-0.35542
	0.32813	-0.37512
	0.33008	-0.39518
	0.33203	-0.41557
	0.33398	-0.43627
	0.33594	-0.45724
	0.33789	-0.47847
	0.33984	-0.4999
	0.3418	-0.52152
	0.34375	-0.54327
	0.3457	-0.56513
	0.34766	-0.58705
	0.34961	-0.60899
	0.35156	-0.63091
	0.35352	-0.65277
	0.35547	-0.6745
	0.35742	-0.69607
	0.35938	-0.71743
	0.36133	-0.73851
	0.36328	-0.75927
	0.36523	-0.77964
	0.36719	-0.79957
	0.36914	-0.81899
	0.37109	-0.83784
	0.37305	-0.85605
	0.375	-0.87355
	0.37695	-0.89026
	0.37891	-0.90612
	0.38086	-0.92104
	0.38281	-0.93495
	0.38477	-0.94777
	0.38672	-0.9594
	0.38867	-0.96976
	0.39063	-0.97875
	0.39258	-0.9863
	0.39453	-0.99229
	0.39648	-0.99664
	0.39844	-0.99924
	0.40039	-0.99999
	0.40234	-0.99878
	0.4043	-0.99552
	0.40625	-0.99009
	0.4082	-0.9824
	0.41016	-0.97233
	0.41211	-0.95978
	0.41406	-0.94465
	0.41602	-0.92685
	0.41797	-0.90629
	0.41992	-0.88288
	0.42188	-0.85657
	0.42383	-0.82729
	0.42578	-0.79501
	0.42773	-0.75974
	0.42969	-0.72147
	0.43164	-0.68029
	0.43359	-0.63628
	0.43555	-0.58962
	0.4375	-0.54054
	0.43945	-0.48933
	0.44141	-0.43641
	0.44336	-0.38229
	0.44531	-0.32763
	0.44727	-0.27321
	0.44922	-0.22
	0.45117	-0.16914
	0.45312	-0.12196
	0.45508	-0.079993
	0.45703	-0.044956
	0.45898	-0.018727
	0.46094	-0.0032942
	0.46289	-0.00068117
	0.46484	-0.012832
	0.4668	-0.04146
	0.46875	-0.087865
	0.4707	-0.1527
	0.47266	-0.23574
	0.47461	-0.33559
	0.47656	-0.44939
	0.47852	-0.57256
	0.48047	-0.69839
	0.48242	-0.81772
	0.48438	-0.91838
	0.48633	-0.98462
	0.48828	-0.99647
	0.49023	-0.92965
	0.49219	-0.75864
	0.49414	-0.47154
	0.49609	-0.1279
	0.49805	-0.037077
	0.5	-1
	0.50195	-3.7074
	0.50391	-7.6679
	0.50586	-12.1479
	0.50781	-16.9677
	0.50977	-22.3962
	0.51172	-29.3489
	0.51367	-42.7123
	0.51563	-40.199
	0.51758	-33.7795
	0.51953	-31.4279
	0.52148	-30.3957
	0.52344	-30.0257
	0.52539	-30.0621
	0.52734	-30.3837
	0.5293	-30.9284
	0.53125	-31.6657
	0.5332	-32.5851
	0.53516	-33.6926
	0.53711	-35.0115
	0.53906	-36.588
	0.54102	-38.5063
	0.54297	-40.9258
	0.54492	-44.1876
	0.54688	-49.2388
	0.54883	-61.5863
	0.55078	-55.5282
	0.55273	-47.8247
	0.55469	-43.9707
	0.55664	-41.4337
	0.55859	-39.5716
	0.56055	-38.1219
	0.5625	-36.9509
	0.56445	-35.9809
	0.56641	-35.163
	0.56836	-34.4642
	0.57031	-33.8614
	0.57227	-33.3373
	0.57422	-32.8791
	0.57617	-32.477
	0.57813	-32.123
	0.58008	-31.8108
	0.58203	-31.5353
	0.58398	-31.2923
	0.58594	-31.0782
	0.58789	-30.8901
	0.58984	-30.7253
	0.5918	-30.5818
	0.59375	-30.4577
	0.5957	-30.3513
	0.59766	-30.2612
	0.59961	-30.1862
	0.60156	-30.1253
	0.60352	-30.0773
	0.60547	-30.0415
	0.60742	-30.0172
	0.60937	-30.0036
	0.61133	-30.0001
	0.61328	-30.0062
	0.61523	-30.0214
	0.61719	-30.0454
	0.61914	-30.0775
	0.62109	-30.1177
	0.62305	-30.1654
	0.625	-30.2205
	0.62695	-30.2827
	0.62891	-30.3518
	0.63086	-30.4276
	0.63281	-30.5098
	0.63477	-30.5984
	0.63672	-30.6932
	0.63867	-30.7942
	0.64063	-30.9011
	0.64258	-31.014
	0.64453	-31.1327
	0.64648	-31.2573
	0.64844	-31.3877
	0.65039	-31.5238
	0.65234	-31.6658
	0.6543	-31.8135
	0.65625	-31.967
	0.6582	-32.1265
	0.66016	-32.2918
	0.66211	-32.4632
	0.66406	-32.6407
	0.66602	-32.8243
	0.66797	-33.0143
	0.66992	-33.2108
	0.67188	-33.414
	0.67383	-33.6239
	0.67578	-33.8409
	0.67773	-34.0652
	0.67969	-34.297
	0.68164	-34.5366
	0.68359	-34.7844
	0.68555	-35.0406
	0.6875	-35.3058
	0.68945	-35.5802
	0.69141	-35.8645
	0.69336	-36.1591
	0.69531	-36.4646
	0.69727	-36.7817
	0.69922	-37.1112
	0.70117	-37.4539
	0.70313	-37.8108
	0.70508	-38.1828
	0.70703	-38.5713
	0.70898	-38.9775
	0.71094	-39.4032
	0.71289	-39.85
	0.71484	-40.3202
	0.7168	-40.8162
	0.71875	-41.3408
	0.7207	-41.8976
	0.72266	-42.4907
	0.72461	-43.1251
	0.72656	-43.8069
	0.72852	-44.544
	0.73047	-45.3462
	0.73242	-46.226
	0.73438	-47.2006
	0.73633	-48.293
	0.73828	-49.5363
	0.74023	-50.9799
	0.74219	-52.7021
	0.74414	-54.8391
	0.74609	-57.661
	0.74805	-61.836
	0.75	-70.0927
	0.75195	-74.862
	0.75391	-63.4641
	0.75586	-58.7229
	0.75781	-55.6902
	0.75977	-53.4602
	0.76172	-51.6984
	0.76367	-50.2439
	0.76563	-49.0068
	0.76758	-47.9317
	0.76953	-46.9819
	0.77148	-46.132
	0.77344	-45.3637
	0.77539	-44.6633
	0.77734	-44.0201
	0.7793	-43.4261
	0.78125	-42.8746
	0.7832	-42.3603
	0.78516	-41.8788
	0.78711	-41.4265
	0.78906	-41.0003
	0.79102	-40.5977
	0.79297	-40.2162
	0.79492	-39.8542
	0.79688	-39.5098
	0.79883	-39.1817
	0.80078	-38.8684
	0.80273	-38.569
	0.80469	-38.2824
	0.80664	-38.0077
	0.80859	-37.7441
	0.81055	-37.4908
	0.8125	-37.2472
	0.81445	-37.0127
	0.81641	-36.7868
	0.81836	-36.569
	0.82031	-36.3588
	0.82227	-36.1558
	0.82422	-35.9597
	0.82617	-35.77
	0.82813	-35.5865
	0.83008	-35.4089
	0.83203	-35.2369
	0.83398	-35.0702
	0.83594	-34.9086
	0.83789	-34.7518
	0.83984	-34.5998
	0.8418	-34.4522
	0.84375	-34.3089
	0.8457	-34.1697
	0.84766	-34.0345
	0.84961	-33.9031
	0.85156	-33.7754
	0.85352	-33.6512
	0.85547	-33.5305
	0.85742	-33.413
	0.85937	-33.2988
	0.86133	-33.1876
	0.86328	-33.0794
	0.86523	-32.9741
	0.86719	-32.8716
	0.86914	-32.7718
	0.87109	-32.6747
	0.87305	-32.5801
	0.875	-32.488
	0.87695	-32.3983
	0.87891	-32.3109
	0.88086	-32.2259
	0.88281	-32.1431
	0.88477	-32.0624
	0.88672	-31.9839
	0.88867	-31.9075
	0.89063	-31.833
	0.89258	-31.7606
	0.89453	-31.69
	0.89648	-31.6214
	0.89844	-31.5545
	0.90039	-31.4895
	0.90234	-31.4262
	0.9043	-31.3647
	0.90625	-31.3049
	0.9082	-31.2467
	0.91016	-31.1901
	0.91211	-31.1351
	0.91406	-31.0817
	0.91602	-31.0299
	0.91797	-30.9795
	0.91992	-30.9306
	0.92188	-30.8832
	0.92383	-30.8373
	0.92578	-30.7927
	0.92773	-30.7496
	0.92969	-30.7078
	0.93164	-30.6673
	0.93359	-30.6282
	0.93555	-30.5904
	0.9375	-30.5539
	0.93945	-30.5187
	0.94141	-30.4848
	0.94336	-30.4521
	0.94531	-30.4206
	0.94727	-30.3904
	0.94922	-30.3613
	0.95117	-30.3335
	0.95312	-30.3068
	0.95508	-30.2814
	0.95703	-30.257
	0.95898	-30.2339
	0.96094	-30.2118
	0.96289	-30.1909
	0.96484	-30.1711
	0.9668	-30.1525
	0.96875	-30.1349
	0.9707	-30.1185
	0.97266	-30.1031
	0.97461	-30.0888
	0.97656	-30.0756
	0.97852	-30.0635
	0.98047	-30.0524
	0.98242	-30.0424
	0.98437	-30.0335
	0.98633	-30.0256
	0.98828	-30.0188
	0.99023	-30.0131
	0.99219	-30.0084
	0.99414	-30.0047
	0.99609	-30.0021
	0.99805	-30.0005
