	0	0
	0.0019531	-0.0088385
	0.0039063	-0.017677
	0.0058594	-0.026516
	0.0078125	-0.035356
	0.0097656	-0.044196
	0.011719	-0.053037
	0.013672	-0.061879
	0.015625	-0.070722
	0.017578	-0.079567
	0.019531	-0.088413
	0.021484	-0.09726
	0.023438	-0.10611
	0.025391	-0.11496
	0.027344	-0.12381
	0.029297	-0.13267
	0.03125	-0.14153
	0.033203	-0.15039
	0.035156	-0.15925
	0.037109	-0.16812
	0.039062	-0.17699
	0.041016	-0.18587
	0.042969	-0.19474
	0.044922	-0.20362
	0.046875	-0.21251
	0.048828	-0.2214
	0.050781	-0.23029
	0.052734	-0.23919
	0.054688	-0.24809
	0.056641	-0.25699
	0.058594	-0.26591
	0.060547	-0.27482
	0.0625	-0.28374
	0.064453	-0.29267
	0.066406	-0.3016
	0.068359	-0.31054
	0.070312	-0.31949
	0.072266	-0.32844
	0.074219	-0.33739
	0.076172	-0.34636
	0.078125	-0.35532
	0.080078	-0.3643
	0.082031	-0.37328
	0.083984	-0.38227
	0.085938	-0.39127
	0.087891	-0.40028
	0.089844	-0.40929
	0.091797	-0.41831
	0.09375	-0.42734
	0.095703	-0.43638
	0.097656	-0.44542
	0.099609	-0.45448
	0.10156	-0.46354
	0.10352	-0.47261
	0.10547	-0.48169
	0.10742	-0.49078
	0.10938	-0.49988
	0.11133	-0.50899
	0.11328	-0.51811
	0.11523	-0.52724
	0.11719	-0.53638
	0.11914	-0.54553
	0.12109	-0.55469
	0.12305	-0.56386
	0.125	-0.57305
	0.12695	-0.58224
	0.12891	-0.59144
	0.13086	-0.60066
	0.13281	-0.60989
	0.13477	-0.61913
	0.13672	-0.62838
	0.13867	-0.63765
	0.14062	-0.64693
	0.14258	-0.65622
	0.14453	-0.66552
	0.14648	-0.67484
	0.14844	-0.68417
	0.15039	-0.69351
	0.15234	-0.70287
	0.1543	-0.71224
	0.15625	-0.72163
	0.1582	-0.73103
	0.16016	-0.74044
	0.16211	-0.74987
	0.16406	-0.75932
	0.16602	-0.76878
	0.16797	-0.77825
	0.16992	-0.78774
	0.17188	-0.79725
	0.17383	-0.80677
	0.17578	-0.81631
	0.17773	-0.82587
	0.17969	-0.83544
	0.18164	-0.84503
	0.18359	-0.85464
	0.18555	-0.86427
	0.1875	-0.87391
	0.18945	-0.88357
	0.19141	-0.89325
	0.19336	-0.90295
	0.19531	-0.91266
	0.19727	-0.9224
	0.19922	-0.93215
	0.20117	-0.94193
	0.20312	-0.95172
	0.20508	-0.96153
	0.20703	-0.97137
	0.20898	-0.98122
	0.21094	-0.99109
	0.21289	-1.001
	0.21484	-1.0109
	0.2168	-1.0208
	0.21875	-1.0308
	0.2207	-1.0408
	0.22266	-1.0508
	0.22461	-1.0608
	0.22656	-1.0709
	0.22852	-1.0809
	0.23047	-1.091
	0.23242	-1.1011
	0.23437	-1.1113
	0.23633	-1.1215
	0.23828	-1.1316
	0.24023	-1.1419
	0.24219	-1.1521
	0.24414	-1.1624
	0.24609	-1.1726
	0.24805	-1.183
	0.25	-1.1933
	0.25195	-1.2037
	0.25391	-1.2141
	0.25586	-1.2245
	0.25781	-1.2349
	0.25977	-1.2454
	0.26172	-1.2559
	0.26367	-1.2665
	0.26563	-1.277
	0.26758	-1.2876
	0.26953	-1.2982
	0.27148	-1.3089
	0.27344	-1.3195
	0.27539	-1.3303
	0.27734	-1.341
	0.2793	-1.3518
	0.28125	-1.3626
	0.2832	-1.3734
	0.28516	-1.3843
	0.28711	-1.3952
	0.28906	-1.4061
	0.29102	-1.417
	0.29297	-1.428
	0.29492	-1.4391
	0.29688	-1.4501
	0.29883	-1.4612
	0.30078	-1.4723
	0.30273	-1.4835
	0.30469	-1.4947
	0.30664	-1.5059
	0.30859	-1.5172
	0.31055	-1.5285
	0.3125	-1.5399
	0.31445	-1.5513
	0.31641	-1.5627
	0.31836	-1.5741
	0.32031	-1.5856
	0.32227	-1.5972
	0.32422	-1.6087
	0.32617	-1.6204
	0.32813	-1.632
	0.33008	-1.6437
	0.33203	-1.6554
	0.33398	-1.6672
	0.33594	-1.679
	0.33789	-1.6909
	0.33984	-1.7028
	0.3418	-1.7148
	0.34375	-1.7267
	0.3457	-1.7388
	0.34766	-1.7509
	0.34961	-1.763
	0.35156	-1.7752
	0.35352	-1.7874
	0.35547	-1.7996
	0.35742	-1.8119
	0.35938	-1.8243
	0.36133	-1.8367
	0.36328	-1.8492
	0.36523	-1.8617
	0.36719	-1.8742
	0.36914	-1.8868
	0.37109	-1.8995
	0.37305	-1.9122
	0.375	-1.925
	0.37695	-1.9378
	0.37891	-1.9506
	0.38086	-1.9635
	0.38281	-1.9765
	0.38477	-1.9895
	0.38672	-2.0026
	0.38867	-2.0158
	0.39063	-2.029
	0.39258	-2.0422
	0.39453	-2.0555
	0.39648	-2.0689
	0.39844	-2.0823
	0.40039	-2.0958
	0.40234	-2.1093
	0.4043	-2.1229
	0.40625	-2.1366
	0.4082	-2.1503
	0.41016	-2.1641
	0.41211	-2.178
	0.41406	-2.1919
	0.41602	-2.2059
	0.41797	-2.22
	0.41992	-2.2341
	0.42188	-2.2483
	0.42383	-2.2625
	0.42578	-2.2768
	0.42773	-2.2912
	0.42969	-2.3057
	0.43164	-2.3202
	0.43359	-2.3348
	0.43555	-2.3495
	0.4375	-2.3643
	0.43945	-2.3791
	0.44141	-2.394
	0.44336	-2.409
	0.44531	-2.424
	0.44727	-2.4391
	0.44922	-2.4544
	0.45117	-2.4696
	0.45312	-2.485
	0.45508	-2.5005
	0.45703	-2.516
	0.45898	-2.5316
	0.46094	-2.5473
	0.46289	-2.5631
	0.46484	-2.579
	0.4668	-2.5949
	0.46875	-2.611
	0.4707	-2.6271
	0.47266	-2.6433
	0.47461	-2.6597
	0.47656	-2.6761
	0.47852	-2.6926
	0.48047	-2.7092
	0.48242	-2.7259
	0.48438	-2.7426
	0.48633	-2.7595
	0.48828	-2.7765
	0.49023	-2.7936
	0.49219	-2.8108
	0.49414	-2.8281
	0.49609	-2.8455
	0.49805	-2.863
	0.5	-2.8806
	0.50195	-2.8983
	0.50391	-2.9161
	0.50586	-2.934
	0.50781	-2.952
	0.50977	-2.9702
	0.51172	-2.9884
	0.51367	-3.0068
	0.51563	-3.0253
	0.51758	-3.0439
	0.51953	-3.0626
	0.52148	-3.0815
	0.52344	-3.1004
	0.52539	-3.1195
	0.52734	-3.1387
	0.5293	-3.1581
	0.53125	-3.1775
	0.5332	-3.1971
	0.53516	-3.2168
	0.53711	-3.2367
	0.53906	-3.2567
	0.54102	-3.2768
	0.54297	-3.297
	0.54492	-3.3174
	0.54688	-3.3379
	0.54883	-3.3586
	0.55078	-3.3794
	0.55273	-3.4004
	0.55469	-3.4214
	0.55664	-3.4427
	0.55859	-3.4641
	0.56055	-3.4856
	0.5625	-3.5073
	0.56445	-3.5291
	0.56641	-3.5511
	0.56836	-3.5732
	0.57031	-3.5955
	0.57227	-3.6179
	0.57422	-3.6405
	0.57617	-3.6633
	0.57813	-3.6862
	0.58008	-3.7093
	0.58203	-3.7325
	0.58398	-3.7559
	0.58594	-3.7795
	0.58789	-3.8032
	0.58984	-3.8271
	0.5918	-3.8511
	0.59375	-3.8754
	0.5957	-3.8998
	0.59766	-3.9243
	0.59961	-3.9491
	0.60156	-3.974
	0.60352	-3.9991
	0.60547	-4.0243
	0.60742	-4.0497
	0.60937	-4.0753
	0.61133	-4.1011
	0.61328	-4.127
	0.61523	-4.1531
	0.61719	-4.1794
	0.61914	-4.2059
	0.62109	-4.2325
	0.62305	-4.2593
	0.625	-4.2863
	0.62695	-4.3134
	0.62891	-4.3407
	0.63086	-4.3682
	0.63281	-4.3958
	0.63477	-4.4236
	0.63672	-4.4516
	0.63867	-4.4797
	0.64063	-4.508
	0.64258	-4.5364
	0.64453	-4.565
	0.64648	-4.5938
	0.64844	-4.6227
	0.65039	-4.6517
	0.65234	-4.6809
	0.6543	-4.7103
	0.65625	-4.7397
	0.6582	-4.7693
	0.66016	-4.7991
	0.66211	-4.8289
	0.66406	-4.8589
	0.66602	-4.889
	0.66797	-4.9192
	0.66992	-4.9496
	0.67188	-4.98
	0.67383	-5.0105
	0.67578	-5.0411
	0.67773	-5.0719
	0.67969	-5.1027
	0.68164	-5.1335
	0.68359	-5.1645
	0.68555	-5.1955
	0.6875	-5.2266
	0.68945	-5.2577
	0.69141	-5.2889
	0.69336	-5.3202
	0.69531	-5.3514
	0.69727	-5.3827
	0.69922	-5.4141
	0.70117	-5.4455
	0.70313	-5.4768
	0.70508	-5.5082
	0.70703	-5.5396
	0.70898	-5.571
	0.71094	-5.6024
	0.71289	-5.6338
	0.71484	-5.6652
	0.7168	-5.6965
	0.71875	-5.7278
	0.7207	-5.7591
	0.72266	-5.7904
	0.72461	-5.8216
	0.72656	-5.8528
	0.72852	-5.8839
	0.73047	-5.9149
	0.73242	-5.9459
	0.73438	-5.9769
	0.73633	-6.0078
	0.73828	-6.0386
	0.74023	-6.0693
	0.74219	-6.0999
	0.74414	-6.1305
	0.74609	-6.161
	0.74805	-6.1914
	0.75	-6.2217
	0.75195	-6.252
	0.75391	-6.2821
	0.75586	-6.3121
	0.75781	-6.3421
	0.75977	-6.3719
	0.76172	-6.4017
	0.76367	-6.4313
	0.76563	-6.4608
	0.76758	-6.4903
	0.76953	-6.5196
	0.77148	-6.5488
	0.77344	-6.578
	0.77539	-6.607
	0.77734	-6.6359
	0.7793	-6.6647
	0.78125	-6.6933
	0.7832	-6.7219
	0.78516	-6.7504
	0.78711	-6.7787
	0.78906	-6.807
	0.79102	-6.8351
	0.79297	-6.8632
	0.79492	-6.8911
	0.79688	-6.9189
	0.79883	-6.9466
	0.80078	-6.9742
	0.80273	-7.0017
	0.80469	-7.0291
	0.80664	-7.0564
	0.80859	-7.0835
	0.81055	-7.1106
	0.8125	-7.1376
	0.81445	-7.1645
	0.81641	-7.1913
	0.81836	-7.2179
	0.82031	-7.2445
	0.82227	-7.271
	0.82422	-7.2974
	0.82617	-7.3237
	0.82813	-7.3499
	0.83008	-7.376
	0.83203	-7.402
	0.83398	-7.4279
	0.83594	-7.4537
	0.83789	-7.4795
	0.83984	-7.5052
	0.8418	-7.5307
	0.84375	-7.5562
	0.8457	-7.5816
	0.84766	-7.607
	0.84961	-7.6322
	0.85156	-7.6574
	0.85352	-7.6825
	0.85547	-7.7075
	0.85742	-7.7324
	0.85937	-7.7573
	0.86133	-7.7821
	0.86328	-7.8068
	0.86523	-7.8314
	0.86719	-7.856
	0.86914	-7.8805
	0.87109	-7.9049
	0.87305	-7.9293
	0.875	-7.9536
	0.87695	-7.9779
	0.87891	-8.0021
	0.88086	-8.0262
	0.88281	-8.0503
	0.88477	-8.0743
	0.88672	-8.0982
	0.88867	-8.1221
	0.89063	-8.1459
	0.89258	-8.1697
	0.89453	-8.1935
	0.89648	-8.2171
	0.89844	-8.2408
	0.90039	-8.2643
	0.90234	-8.2879
	0.9043	-8.3113
	0.90625	-8.3348
	0.9082	-8.3582
	0.91016	-8.3815
	0.91211	-8.4048
	0.91406	-8.4281
	0.91602	-8.4513
	0.91797	-8.4745
	0.91992	-8.4976
	0.92188	-8.5207
	0.92383	-8.5438
	0.92578	-8.5668
	0.92773	-8.5898
	0.92969	-8.6128
	0.93164	-8.6357
	0.93359	-8.6586
	0.93555	-8.6815
	0.9375	-8.7043
	0.93945	-8.7271
	0.94141	-8.7499
	0.94336	-8.7726
	0.94531	-8.7954
	0.94727	-8.8181
	0.94922	-8.8407
	0.95117	-8.8634
	0.95312	-8.886
	0.95508	-8.9086
	0.95703	-8.9312
	0.95898	-8.9538
	0.96094	-8.9763
	0.96289	-8.9989
	0.96484	-9.0214
	0.9668	-9.0439
	0.96875	-9.0664
	0.9707	-9.0888
	0.97266	-9.1113
	0.97461	-9.1337
	0.97656	-9.1562
	0.97852	-9.1786
	0.98047	-9.201
	0.98242	-9.2234
	0.98437	-9.2458
	0.98633	-9.2682
	0.98828	-9.2906
	0.99023	-9.3129
	0.99219	-9.3353
	0.99414	-9.3577
	0.99609	-9.3801
	0.99805	-9.4028
