	0	1.0213
	0.0031831	1.0214
	0.0063662	1.0212
	0.0095493	1.0207
	0.012732	1.02
	0.015915	1.0189
	0.019099	1.0176
	0.022282	1.0161
	0.025465	1.0143
	0.028648	1.0124
	0.031831	1.0102
	0.035014	1.0079
	0.038197	1.0054
	0.04138	1.0028
	0.044563	1.0001
	0.047746	0.99735
	0.05093	0.99456
	0.054113	0.99176
	0.057296	0.98899
	0.060479	0.98627
	0.063662	0.98362
	0.066845	0.98109
	0.070028	0.9787
	0.073211	0.97647
	0.076394	0.97443
	0.079577	0.9726
	0.082761	0.971
	0.085944	0.96965
	0.089127	0.96857
	0.09231	0.96778
	0.095493	0.96728
	0.098676	0.96708
	0.10186	0.96719
	0.10504	0.96761
	0.10823	0.96835
	0.11141	0.96939
	0.11459	0.97074
	0.11777	0.97238
	0.12096	0.9743
	0.12414	0.97648
	0.12732	0.97892
	0.13051	0.98158
	0.13369	0.98445
	0.13687	0.98749
	0.14006	0.99069
	0.14324	0.99401
	0.14642	0.99743
	0.14961	1.0009
	0.15279	1.0044
	0.15597	1.0079
	0.15915	1.0114
	0.16234	1.0147
	0.16552	1.018
	0.1687	1.0212
	0.17189	1.0241
	0.17507	1.0269
	0.17825	1.0294
	0.18144	1.0317
	0.18462	1.0336
	0.1878	1.0353
	0.19099	1.0366
	0.19417	1.0376
	0.19735	1.0382
	0.20054	1.0385
	0.20372	1.0384
	0.2069	1.0378
	0.21008	1.0369
	0.21327	1.0356
	0.21645	1.034
	0.21963	1.0319
	0.22282	1.0295
	0.226	1.0268
	0.22918	1.0237
	0.23237	1.0203
	0.23555	1.0167
	0.23873	1.0129
	0.24192	1.0088
	0.2451	1.0046
	0.24828	1.0003
	0.25146	0.99583
	0.25465	0.99136
	0.25783	0.98688
	0.26101	0.98244
	0.2642	0.97809
	0.26738	0.97388
	0.27056	0.96984
	0.27375	0.96602
	0.27693	0.96247
	0.28011	0.95922
	0.2833	0.95632
	0.28648	0.9538
	0.28966	0.9517
	0.29285	0.95004
	0.29603	0.94886
	0.29921	0.94819
	0.30239	0.94803
	0.30558	0.94841
	0.30876	0.94934
	0.31194	0.95083
	0.31513	0.95288
	0.31831	0.95548
	0.32149	0.95862
	0.32468	0.9623
	0.32786	0.96649
	0.33104	0.97117
	0.33423	0.97631
	0.33741	0.98186
	0.34059	0.9878
	0.34377	0.99408
	0.34696	1.0006
	0.35014	1.0074
	0.35332	1.0144
	0.35651	1.0215
	0.35969	1.0286
	0.36287	1.0357
	0.36606	1.0427
	0.36924	1.0495
	0.37242	1.0561
	0.37561	1.0623
	0.37879	1.0681
	0.38197	1.0735
	0.38515	1.0783
	0.38834	1.0824
	0.39152	1.0859
	0.3947	1.0885
	0.39789	1.0902
	0.40107	1.0911
	0.40425	1.0909
	0.40744	1.0897
	0.41062	1.0873
	0.4138	1.0838
	0.41699	1.079
	0.42017	1.073
	0.42335	1.0657
	0.42654	1.057
	0.42972	1.047
	0.4329	1.0356
	0.43608	1.0229
	0.43927	1.0087
	0.44245	0.99321
	0.44563	0.97632
	0.44882	0.9581
	0.452	0.93855
	0.45518	0.91772
	0.45837	0.89565
	0.46155	0.87239
	0.46473	0.84799
	0.46792	0.82251
	0.4711	0.79603
	0.47428	0.76861
	0.47746	0.74034
	0.48065	0.7113
	0.48383	0.68157
	0.48701	0.65126
	0.4902	0.62045
	0.49338	0.58925
	0.49656	0.55775
	0.49975	0.52606
	0.50293	0.49429
	0.50611	0.46253
	0.5093	0.43089
	0.51248	0.39948
	0.51566	0.36839
	0.51885	0.33774
	0.52203	0.30761
	0.52521	0.2781
	0.52839	0.24931
	0.53158	0.22131
	0.53476	0.1942
	0.53794	0.16805
	0.54113	0.14293
	0.54431	0.11891
	0.54749	0.096043
	0.55068	0.074393
	0.55386	0.054003
	0.55704	0.034912
	0.56023	0.017156
	0.56341	0.0010098
	0.56659	0.014314
	0.56977	0.027956
	0.57296	0.040216
	0.57614	0.051096
	0.57932	0.060606
	0.58251	0.068764
	0.58569	0.075597
	0.58887	0.081136
	0.59206	0.08542
	0.59524	0.088493
	0.59842	0.090405
	0.60161	0.091211
	0.60479	0.090971
	0.60797	0.089749
	0.61115	0.087614
	0.61434	0.084636
	0.61752	0.080889
	0.6207	0.07645
	0.62389	0.071396
	0.62707	0.065807
	0.63025	0.059761
	0.63344	0.05334
	0.63662	0.046621
	0.6398	0.039684
	0.64299	0.032604
	0.64617	0.025457
	0.64935	0.018315
	0.65254	0.011252
	0.65572	0.004357
	0.6589	0.0025478
	0.66208	0.0089434
	0.66527	0.015093
	0.66845	0.020889
	0.67163	0.026282
	0.67482	0.031232
	0.678	0.035705
	0.68118	0.039673
	0.68437	0.043113
	0.68755	0.046008
	0.69073	0.048345
	0.69392	0.05012
	0.6971	0.051329
	0.70028	0.051979
	0.70346	0.052078
	0.70665	0.051639
	0.70983	0.050682
	0.71301	0.04923
	0.7162	0.047309
	0.71938	0.04495
	0.72256	0.042187
	0.72575	0.039056
	0.72893	0.035598
	0.73211	0.031853
	0.7353	0.027864
	0.73848	0.023677
	0.74166	0.019337
	0.74485	0.014891
	0.74803	0.010386
	0.75121	0.005878
	0.75439	0.0015258
	0.75758	0.003189
	0.76076	0.0074526
	0.76394	0.0116
	0.76713	0.015563
	0.77031	0.019301
	0.77349	0.022779
	0.77668	0.025969
	0.77986	0.028843
	0.78304	0.031378
	0.78623	0.033555
	0.78941	0.035357
	0.79259	0.036774
	0.79577	0.037797
	0.79896	0.038422
	0.80214	0.03865
	0.80532	0.038482
	0.80851	0.037927
	0.81169	0.036996
	0.81487	0.035703
	0.81806	0.034065
	0.82124	0.032104
	0.82442	0.029842
	0.82761	0.027306
	0.83079	0.024525
	0.83397	0.021528
	0.83716	0.018349
	0.84034	0.01502
	0.84352	0.011579
	0.8467	0.0080618
	0.84989	0.0045177
	0.85307	0.0011539
	0.85625	0.0027853
	0.85944	0.0062202
	0.86262	0.0096018
	0.8658	0.012864
	0.86899	0.015971
	0.87217	0.018891
	0.87535	0.021596
	0.87854	0.024061
	0.88172	0.026264
	0.8849	0.028185
	0.88808	0.029807
	0.89127	0.031116
	0.89445	0.032101
	0.89763	0.032755
	0.90082	0.033075
	0.904	0.033058
	0.90718	0.032707
	0.91037	0.032028
	0.91355	0.03103
	0.91673	0.029724
	0.91992	0.028125
	0.9231	0.026251
	0.92628	0.02412
	0.92946	0.021757
	0.93265	0.019186
	0.93583	0.016432
	0.93901	0.013525
	0.9422	0.010496
	0.94538	0.0073781
	0.94856	0.004215
	0.95175	0.0011934
	0.95493	0.0024222
	0.95811	0.0055431
	0.9613	0.0086505
	0.96448	0.011673
	0.96766	0.014574
	0.97085	0.017324
	0.97403	0.019894
	0.97721	0.022259
	0.98039	0.024396
	0.98358	0.026284
	0.98676	0.027904
	0.98994	0.02924
	0.99313	0.03028
	0.99631	0.031013
	0.99949	0.031432
	1.0027	0.031534
	1.0059	0.031316
	1.009	0.030782
	1.0122	0.029935
	1.0154	0.028786
	1.0186	0.027344
	1.0218	0.025625
	1.025	0.023644
	1.0281	0.021421
	1.0313	0.018979
	1.0345	0.01634
	1.0377	0.013532
	1.0409	0.010584
	1.0441	0.0075262
	1.0472	0.0044012
	1.0504	0.0013612
	1.0536	0.0022296
	1.0568	0.0053658
	1.06	0.0085183
	1.0632	0.011607
	1.0663	0.014594
	1.0695	0.017447
	1.0727	0.020137
	1.0759	0.022634
	1.0791	0.024914
	1.0823	0.026953
	1.0854	0.028728
	1.0886	0.030221
	1.0918	0.031416
	1.095	0.032298
	1.0982	0.032858
	1.1014	0.033087
	1.1045	0.032981
	1.1077	0.032539
	1.1109	0.031764
	1.1141	0.03066
	1.1173	0.029236
	1.1205	0.027504
	1.1236	0.025479
	1.1268	0.023179
	1.13	0.020625
	1.1332	0.01784
	1.1364	0.014851
	1.1395	0.011685
	1.1427	0.0083769
	1.1459	0.0049666
	1.1491	0.001585
	1.1523	0.0023037
	1.1555	0.0058041
	1.1586	0.0093426
	1.1618	0.012834
	1.165	0.016236
	1.1682	0.019512
	1.1714	0.022626
	1.1746	0.025545
	1.1777	0.028238
	1.1809	0.030675
	1.1841	0.032828
	1.1873	0.034673
	1.1905	0.036186
	1.1937	0.037347
	1.1968	0.038142
	1.2	0.038556
	1.2032	0.03858
	1.2064	0.038208
	1.2096	0.037438
	1.2128	0.036271
	1.2159	0.034714
	1.2191	0.032774
	1.2223	0.030467
	1.2255	0.027808
	1.2287	0.024819
	1.2319	0.021523
	1.235	0.017949
	1.2382	0.014129
	1.2414	0.010097
	1.2446	0.0059
	1.2478	0.0016755
	1.251	0.0030582
	1.2541	0.0075129
	1.2573	0.012022
	1.2605	0.016507
	1.2637	0.020915
	1.2669	0.025201
	1.2701	0.029317
	1.2732	0.033218
	1.2764	0.03686
	1.2796	0.0402
	1.2828	0.043198
	1.286	0.045815
	1.2892	0.048016
	1.2923	0.049767
	1.2955	0.05104
	1.2987	0.051809
	1.3019	0.052053
	1.3051	0.051755
	1.3083	0.050903
	1.3114	0.049488
	1.3146	0.04751
	1.3178	0.04497
	1.321	0.041878
	1.3242	0.038247
	1.3274	0.034095
	1.3305	0.029449
	1.3337	0.024338
	1.3369	0.018798
	1.3401	0.012873
	1.3433	0.0066178
	1.3465	0.00075526
	1.3496	0.0068429
	1.3528	0.013807
	1.356	0.020901
	1.3592	0.028046
	1.3624	0.035171
	1.3655	0.042201
	1.3687	0.049062
	1.3719	0.055676
	1.3751	0.061964
	1.3783	0.067847
	1.3815	0.073246
	1.3846	0.07808
	1.3878	0.082273
	1.391	0.085745
	1.3942	0.088422
	1.3974	0.090231
	1.4006	0.091102
	1.4037	0.090968
	1.4069	0.089767
	1.4101	0.08744
	1.4133	0.083934
	1.4165	0.079201
	1.4197	0.073199
	1.4228	0.065891
	1.426	0.057249
	1.4292	0.047248
	1.4324	0.035874
	1.4356	0.023117
	1.4388	0.0089895
	1.4419	0.0066064
	1.4451	0.023471
	1.4483	0.041707
	1.4515	0.061266
	1.4547	0.082109
	1.4579	0.1042
	1.461	0.12748
	1.4642	0.15189
	1.4674	0.17739
	1.4706	0.20389
	1.4738	0.23132
	1.477	0.25961
	1.4801	0.28867
	1.4833	0.3184
	1.4865	0.34873
	1.4897	0.37955
	1.4929	0.41076
	1.4961	0.44226
	1.4992	0.47395
	1.5024	0.50572
	1.5056	0.53748
	1.5088	0.56911
	1.512	0.60051
	1.5152	0.63158
	1.5183	0.66223
	1.5215	0.69234
	1.5247	0.72183
	1.5279	0.75061
	1.5311	0.77859
	1.5343	0.80568
	1.5374	0.83182
	1.5406	0.85692
	1.5438	0.88092
	1.547	0.90377
	1.5502	0.92541
	1.5534	0.94579
	1.5565	0.96487
	1.5597	0.98263
	1.5629	0.99903
	1.5661	1.0141
	1.5693	1.0277
	1.5725	1.04
	1.5756	1.0509
	1.5788	1.0604
	1.582	1.0686
	1.5852	1.0754
	1.5884	1.081
	1.5915	1.0853
	1.5947	1.0884
	1.5979	1.0904
	1.6011	1.0912
	1.6043	1.091
	1.6075	1.0899
	1.6106	1.0878
	1.6138	1.0848
	1.617	1.0811
	1.6202	1.0767
	1.6234	1.0717
	1.6266	1.0662
	1.6297	1.0602
	1.6329	1.0538
	1.6361	1.0471
	1.6393	1.0402
	1.6425	1.0332
	1.6457	1.0261
	1.6488	1.0189
	1.652	1.0119
	1.6552	1.0049
	1.6584	0.99822
	1.6616	0.99174
	1.6648	0.98556
	1.6679	0.97974
	1.6711	0.97431
	1.6743	0.96932
	1.6775	0.9648
	1.6807	0.96078
	1.6839	0.95728
	1.687	0.95431
	1.6902	0.9519
	1.6934	0.95005
	1.6966	0.94875
	1.6998	0.94802
	1.703	0.94782
	1.7061	0.94817
	1.7093	0.94903
	1.7125	0.95038
	1.7157	0.95221
	1.7189	0.95447
	1.7221	0.95714
	1.7252	0.96018
	1.7284	0.96356
	1.7316	0.96722
	1.7348	0.97114
	1.738	0.97526
	1.7412	0.97955
	1.7443	0.98396
	1.7475	0.98843
	1.7507	0.99294
	1.7539	0.99743
	1.7571	1.0019
	1.7603	1.0062
	1.7634	1.0104
	1.7666	1.0144
	1.7698	1.0182
	1.773	1.0217
	1.7762	1.025
	1.7794	1.028
	1.7825	1.0306
	1.7857	1.0329
	1.7889	1.0349
	1.7921	1.0364
	1.7953	1.0376
	1.7985	1.0384
	1.8016	1.0388
	1.8048	1.0388
	1.808	1.0384
	1.8112	1.0376
	1.8144	1.0365
	1.8175	1.0351
	1.8207	1.0333
	1.8239	1.0312
	1.8271	1.0288
	1.8303	1.0262
	1.8335	1.0233
	1.8366	1.0203
	1.8398	1.0171
	1.843	1.0137
	1.8462	1.0103
	1.8494	1.0068
	1.8526	1.0032
	1.8557	0.99968
	1.8589	0.99618
	1.8621	0.99276
	1.8653	0.98943
	1.8685	0.98624
	1.8717	0.9832
	1.8748	0.98036
	1.878	0.97773
	1.8812	0.97533
	1.8844	0.97319
	1.8876	0.97132
	1.8908	0.96974
	1.8939	0.96845
	1.8971	0.96747
	1.9003	0.96681
	1.9035	0.96645
	1.9067	0.96642
	1.9099	0.96669
	1.913	0.96727
	1.9162	0.96814
	1.9194	0.96929
	1.9226	0.97071
	1.9258	0.97238
	1.929	0.97427
	1.9321	0.97638
	1.9353	0.97867
	1.9385	0.98112
	1.9417	0.9837
	1.9449	0.98638
	1.9481	0.98914
	1.9512	0.99195
	1.9544	0.99477
	1.9576	0.99758
	1.9608	1.0003
	1.964	1.003
	1.9672	1.0056
	1.9703	1.0081
	1.9735	1.0104
	1.9767	1.0126
	1.9799	1.0146
	1.9831	1.0163
	1.9863	1.0178
	1.9894	1.0191
	1.9926	1.0201
	1.9958	1.0208
