x	L=41	L=21	L=11
0	-2.893e-15	-9.6433e-16	0
0.0019531	-0.0091211	-0.0022865	-0.00057265
0.0039063	-0.036494	-0.0091465	-0.0022906
0.0058594	-0.082144	-0.020582	-0.0051541
0.0078125	-0.14612	-0.036595	-0.0091631
0.0097656	-0.22848	-0.05719	-0.014318
0.011719	-0.32931	-0.082371	-0.020619
0.013672	-0.44871	-0.11215	-0.028067
0.015625	-0.5868	-0.14652	-0.036661
0.017578	-0.74372	-0.1855	-0.046403
0.019531	-0.91964	-0.22911	-0.057293
0.021484	-1.1147	-0.27734	-0.069332
0.023438	-1.3292	-0.33021	-0.08252
0.025391	-1.5633	-0.38773	-0.096859
0.027344	-1.8173	-0.44992	-0.11235
0.029297	-2.0914	-0.5168	-0.12899
0.03125	-2.3861	-0.58837	-0.14678
0.033203	-2.7015	-0.66467	-0.16573
0.035156	-3.0381	-0.7457	-0.18584
0.037109	-3.3964	-0.83149	-0.2071
0.039062	-3.7767	-0.92206	-0.22951
0.041016	-4.1796	-1.0174	-0.25309
0.042969	-4.6056	-1.1176	-0.27783
0.044922	-5.0553	-1.2227	-0.30372
0.046875	-5.5294	-1.3326	-0.33079
0.048828	-6.0286	-1.4475	-0.35901
0.050781	-6.5536	-1.5673	-0.38841
0.052734	-7.1054	-1.692	-0.41897
0.054688	-7.6849	-1.8218	-0.4507
0.056641	-8.2931	-1.9566	-0.48361
0.058594	-8.9312	-2.0966	-0.51769
0.060547	-9.6006	-2.2416	-0.55295
0.0625	-10.3027	-2.3918	-0.58938
0.064453	-11.039	-2.5472	-0.627
0.066406	-11.8115	-2.7078	-0.6658
0.068359	-12.6222	-2.8738	-0.70578
0.070312	-13.4735	-3.0451	-0.74695
0.072266	-14.3681	-3.2218	-0.78932
0.074219	-15.309	-3.404	-0.83287
0.076172	-16.3	-3.5916	-0.87763
0.078125	-17.3452	-3.7849	-0.92358
0.080078	-18.4497	-3.9838	-0.97073
0.082031	-19.6195	-4.1884	-1.0191
0.083984	-20.862	-4.3987	-1.0687
0.085938	-22.1863	-4.6149	-1.1194
0.087891	-23.6036	-4.8371	-1.1714
0.089844	-25.1288	-5.0652	-1.2246
0.091797	-26.7812	-5.2994	-1.2791
0.09375	-28.5872	-5.5397	-1.3347
0.095703	-30.5845	-5.7864	-1.3916
0.097656	-32.8291	-6.0393	-1.4497
0.099609	-35.4113	-6.2987	-1.5091
0.10156	-38.4903	-6.5647	-1.5697
0.10352	-42.3922	-6.8373	-1.6315
0.10547	-47.9848	-7.1167	-1.6946
0.10742	-59.7518	-7.403	-1.7589
0.10938	-57.4539	-7.6963	-1.8245
0.11133	-49.9605	-7.9968	-1.8914
0.11328	-46.8694	-8.3045	-1.9595
0.11523	-45.2431	-8.6197	-2.0289
0.11719	-44.393	-8.9425	-2.0995
0.11914	-44.0517	-9.2731	-2.1715
0.12109	-44.094	-9.6116	-2.2447
0.12305	-44.4583	-9.9582	-2.3192
0.125	-45.12	-10.3131	-2.395
0.12695	-46.0814	-10.6765	-2.4722
0.12891	-47.3731	-11.0487	-2.5506
0.13086	-49.0641	-11.4298	-2.6303
0.13281	-51.293	-11.8201	-2.7114
0.13477	-54.3571	-12.2199	-2.7938
0.13672	-59.0469	-12.6294	-2.8775
0.13867	-69.1494	-13.049	-2.9625
0.14062	-68.649	-13.479	-3.0489
0.14258	-59.7897	-13.9196	-3.1366
0.14453	-55.8887	-14.3713	-3.2257
0.14648	-53.5401	-14.8345	-3.3162
0.14844	-51.9916	-15.3096	-3.408
0.15039	-50.9518	-15.797	-3.5012
0.15234	-50.2787	-16.2973	-3.5958
0.1543	-49.8947	-16.8109	-3.6917
0.15625	-49.7552	-17.3385	-3.7891
0.1582	-49.8353	-17.8807	-3.8879
0.16016	-50.1236	-18.4382	-3.9881
0.16211	-50.6199	-19.0117	-4.0897
0.16406	-51.3351	-19.6022	-4.1927
0.16602	-52.2939	-20.2105	-4.2972
0.16797	-53.5404	-20.8376	-4.4032
0.16992	-55.1523	-21.4848	-4.5105
0.17188	-57.2716	-22.1533	-4.6194
0.17383	-60.1921	-22.8446	-4.7297
0.17578	-64.6762	-23.5603	-4.8416
0.17773	-74.2263	-24.3023	-4.9549
0.17969	-74.8075	-25.0728	-5.0697
0.18164	-65.3897	-25.8741	-5.186
0.18359	-61.2422	-26.7093	-5.3039
0.18555	-58.6846	-27.5817	-5.4233
0.1875	-56.9337	-28.4954	-5.5442
0.18945	-55.6889	-29.4551	-5.6667
0.19141	-54.804	-30.4667	-5.7908
0.19336	-54.1982	-31.5376	-5.9164
0.19531	-53.8239	-32.6767	-6.0437
0.19727	-53.6523	-33.8957	-6.1725
0.19922	-53.6671	-35.2099	-6.303
0.20117	-53.8611	-36.6398	-6.4351
0.20312	-54.2351	-38.214	-6.5689
0.20508	-54.7976	-39.9742	-6.7043
0.20703	-55.567	-41.9849	-6.8413
0.20898	-56.5752	-44.353	-6.9801
0.21094	-57.8749	-47.2777	-7.1206
0.21289	-59.5571	-51.2	-7.2628
0.21484	-61.7897	-57.4895	-7.4067
0.2168	-64.9323	-84.144	-7.5523
0.21875	-70.0004	-59.3969	-7.6998
0.2207	-83.4575	-53.6652	-7.849
0.22266	-75.1052	-50.6034	-8
0.22461	-67.7891	-48.6175	-8.1528
0.22656	-64.0771	-47.2225	-8.3075
0.22852	-61.6763	-46.2056	-8.464
0.23047	-59.9825	-45.4545	-8.6224
0.23242	-58.7461	-44.903	-8.7826
0.23437	-57.841	-44.509	-8.9448
0.23633	-57.1955	-44.2443	-9.1089
0.23828	-56.7666	-44.0894	-9.275
0.24023	-56.5278	-44.0304	-9.443
0.24219	-56.4633	-44.0573	-9.613
0.24414	-56.5657	-44.1633	-9.7851
0.24609	-56.834	-44.3436	-9.9592
0.24805	-57.2743	-44.595	-10.1353
0.25	-57.8997	-44.9162	-10.3136
0.25195	-58.734	-45.3072	-10.494
0.25391	-59.8155	-45.7694	-10.6765
0.25586	-61.2076	-46.3058	-10.8612
0.25781	-63.0202	-46.9209	-11.048
0.25977	-65.4641	-47.6218	-11.2372
0.26172	-69.0208	-48.4178	-11.4285
0.26367	-75.2715	-49.3223	-11.6222
0.26563	-101.5418	-50.354	-11.8182
0.26758	-74.6587	-51.5394	-12.0165
0.26953	-69.0131	-52.9179	-12.2173
0.27148	-65.79	-54.5507	-12.4204
0.27344	-63.6113	-56.5395	-12.626
0.27539	-62.0358	-59.0727	-12.8341
0.27734	-60.8658	-62.5622	-13.0448
0.2793	-59.9969	-68.2432	-13.258
0.28125	-59.3682	-87.494	-13.4739
0.2832	-58.9422	-70.7952	-13.6924
0.28516	-58.6957	-64.3833	-13.9136
0.28711	-58.6151	-60.8959	-14.1376
0.28906	-58.6937	-58.5455	-14.3643
0.29102	-58.931	-56.8106	-14.594
0.29297	-59.3327	-55.466	-14.8265
0.29492	-59.9112	-54.3939	-15.062
0.29688	-60.688	-53.5248	-15.3005
0.29883	-61.6979	-52.8144	-15.542
0.30078	-62.9975	-52.2328	-15.7867
0.30273	-64.683	-51.7591	-16.0346
0.30469	-66.9329	-51.3778	-16.2858
0.30664	-70.1346	-51.0777	-16.5403
0.30859	-75.4188	-50.8501	-16.7982
0.31055	-91.3776	-50.6884	-17.0595
0.3125	-78.8975	-50.5877	-17.3245
0.31445	-72.0531	-50.5441	-17.593
0.31641	-68.4254	-50.5548	-17.8653
0.31836	-66.0268	-50.6178	-18.1414
0.32031	-64.3021	-50.7319	-18.4214
0.32227	-63.0167	-50.8964	-18.7054
0.32422	-62.0502	-51.1114	-18.9935
0.32617	-61.3336	-51.3776	-19.2858
0.32813	-60.8247	-51.6961	-19.5824
0.33008	-60.4973	-52.0692	-19.8835
0.33203	-60.335	-52.4998	-20.1892
0.33398	-60.3292	-52.9917	-20.4995
0.33594	-60.4771	-53.5501	-20.8148
0.33789	-60.7814	-54.1819	-21.135
0.33984	-61.251	-54.8959	-21.4604
0.3418	-61.902	-55.7041	-21.7911
0.34375	-62.7611	-56.6223	-22.1272
0.3457	-63.8705	-57.6728	-22.4691
0.34766	-65.2998	-58.8873	-22.8169
0.34961	-67.1703	-60.3129	-23.1708
0.35156	-69.7193	-62.0249	-23.531
0.35352	-73.5105	-64.1529	-23.8978
0.35547	-80.5838	-66.9507	-24.2714
0.35742	-92.3572	-71.033	-24.6522
0.35938	-77.0961	-78.7542	-25.0404
0.36133	-71.9956	-86.7405	-25.4363
0.36328	-68.9444	-73.8581	-25.8403
0.36523	-66.8342	-69.0139	-26.2528
0.36719	-65.2826	-66.0263	-26.6742
0.36914	-64.1128	-63.8969	-27.105
0.37109	-63.2288	-62.2684	-27.5455
0.37305	-62.5742	-60.9715	-27.9964
0.375	-62.1137	-59.9125	-28.4583
0.37695	-61.8254	-59.0343	-28.9317
0.37891	-61.6957	-58.2993	-29.4175
0.38086	-61.7181	-57.6818	-29.9163
0.38281	-61.8912	-57.1632	-30.4291
0.38477	-62.2192	-56.73	-30.9568
0.38672	-62.7123	-56.3718	-31.5005
0.38867	-63.3883	-56.0809	-32.0614
0.39063	-64.2757	-55.8512	-32.641
0.39258	-65.42	-55.6778	-33.2408
0.39453	-66.8963	-55.5572	-33.8626
0.39648	-68.8371	-55.4864	-34.5085
0.39844	-71.5066	-55.4635	-35.181
0.40039	-75.5588	-55.4869	-35.8828
0.40234	-83.6234	-55.5557	-36.6173
0.4043	-89.1274	-55.6694	-37.3886
0.40625	-77.4509	-55.828	-38.2015
0.4082	-72.77	-56.032	-39.0618
0.41016	-69.8783	-56.2826	-39.9769
0.41211	-67.8496	-56.5811	-40.9562
0.41406	-66.3457	-56.9299	-42.0114
0.41602	-65.2054	-57.3319	-43.1585
0.41797	-64.3403	-57.7908	-44.4187
0.41992	-63.6974	-58.3116	-45.8222
0.42188	-63.2438	-58.9006	-47.4134
0.42383	-62.9585	-59.5659	-49.2616
0.42578	-62.829	-60.3184	-51.4838
0.42773	-62.8491	-61.1723	-54.3034
0.42969	-63.0179	-62.147	-58.2354
0.43164	-63.3396	-63.27	-65.031
0.43359	-63.8245	-64.5812	-83.2383
0.43555	-64.4902	-66.1425	-63.5667
0.4375	-65.3647	-68.0565	-58.2474
0.43945	-66.493	-70.5127	-55.1356
0.44141	-67.9485	-73.9254	-52.9734
0.44336	-69.8605	-79.5404	-51.344
0.44531	-72.4852	-99.0821	-50.0568
0.44727	-76.4484	-81.8013	-49.0087
0.44922	-84.186	-75.3247	-48.1376
0.45117	-91.3027	-71.7478	-47.4032
0.45312	-78.792	-69.3004	-46.7777
0.45508	-73.9842	-67.4642	-46.2413
0.45703	-71.0344	-66.0149	-45.7795
0.45898	-68.9684	-64.8351	-45.3812
0.46094	-67.4358	-63.8555	-45.0376
0.46289	-66.271	-63.032	-44.7421
0.46484	-65.3834	-62.3346	-44.4891
0.4668	-64.7191	-61.7423	-44.2741
0.46875	-64.2442	-61.2395	-44.0935
0.4707	-63.9374	-60.8149	-43.9443
0.47266	-63.7857	-60.4595	-43.8238
0.47461	-63.7823	-60.1666	-43.7301
0.47656	-63.9259	-59.9309	-43.6611
0.47852	-64.22	-59.7483	-43.6155
0.48047	-64.674	-59.6154	-43.5919
0.48242	-65.304	-59.5298	-43.5892
0.48438	-66.1363	-59.4895	-43.6065
0.48633	-67.2121	-59.4934	-43.643
0.48828	-68.5986	-59.5405	-43.6981
0.49023	-70.412	-59.6304	-43.7711
0.49219	-72.8769	-59.7632	-43.8618
0.49414	-76.516	-59.9393	-43.9697
0.49609	-83.1306	-60.1596	-44.0946
0.49805	-99.6411	-60.4255	-44.2364
0.5	-80.9354	-60.7391	-44.395
0.50195	-75.5429	-61.1029	-44.5704
0.50391	-72.3617	-61.5202	-44.7628
0.50586	-70.1657	-61.9955	-44.9722
0.50781	-68.5456	-62.5341	-45.199
0.50977	-67.315	-63.1432	-45.4435
0.51172	-66.3738	-63.832	-45.7062
0.51367	-65.663	-64.6125	-45.9877
0.51563	-65.1459	-65.5008	-46.2886
0.51758	-64.7993	-66.5193	-46.6098
0.51953	-64.6087	-67.6997	-46.9522
0.52148	-64.5663	-69.0893	-47.317
0.52344	-64.6696	-70.7631	-47.7056
0.52539	-64.9208	-72.8502	-48.1194
0.52734	-65.3279	-75.6034	-48.5604
0.5293	-65.9051	-79.6331	-49.0307
0.53125	-66.6753	-87.2659	-49.533
0.5332	-67.6751	-95.4948	-50.0704
0.53516	-68.9628	-82.4101	-50.6466
0.53711	-70.6373	-77.5016	-51.2661
0.53906	-72.883	-74.4608	-51.9347
0.54102	-76.1022	-72.2808	-52.6592
0.54297	-81.4913	-70.6022	-53.4484
0.54492	-99.2614	-69.2552	-54.3137
0.54688	-84.1307	-68.1456	-55.2701
0.54883	-77.4778	-67.216	-56.3379
0.55078	-73.8691	-66.429	-57.5454
0.55273	-71.4495	-65.7585	-58.9344
0.55469	-69.6867	-65.1861	-60.5691
0.55664	-68.3531	-64.698	-62.557
0.55859	-67.331	-64.2839	-65.0986
0.56055	-66.5526	-63.9359	-68.6399
0.5625	-65.9761	-63.6479	-74.5759
0.56445	-65.575	-63.4148	-103.2377
0.56641	-65.3326	-63.2331	-75.4176
0.56836	-65.2393	-63.0996	-69.3147
0.57031	-65.291	-63.0122	-65.8306
0.57227	-65.4885	-62.9691	-63.4021
0.57422	-65.8377	-62.9692	-61.5494
0.57617	-66.3505	-63.0117	-60.061
0.57813	-67.0465	-63.0963	-58.8244
0.58008	-67.9566	-63.2232	-57.7728
0.58203	-69.13	-63.3928	-56.8633
0.58398	-70.6482	-63.6061	-56.0665
0.58594	-72.6565	-63.8646	-55.3616
0.58789	-75.4521	-64.1702	-54.7333
0.58984	-79.8039	-64.5257	-54.1699
0.5918	-89.2602	-64.9342	-53.6623
0.59375	-89.4703	-65.4003	-53.2033
0.5957	-79.9367	-65.9294	-52.7873
0.59766	-75.6069	-66.5284	-52.4095
0.59961	-72.8476	-67.2066	-52.066
0.60156	-70.8802	-67.9759	-51.7536
0.60352	-69.405	-68.8523	-51.4695
0.60547	-68.2754	-69.8579	-51.2115
0.60742	-67.4096	-71.0239	-50.9774
0.60937	-66.7581	-72.3971	-50.7658
0.61133	-66.2897	-74.0512	-50.5749
0.61328	-65.9846	-76.1127	-50.4036
0.61523	-65.8309	-78.8279	-50.2508
0.61719	-65.8225	-82.7861	-50.1153
0.61914	-65.9583	-90.1769	-49.9965
0.62109	-66.2421	-99.9307	-49.8935
0.62305	-66.6833	-85.9435	-49.8056
0.625	-67.298	-80.9221	-49.7323
0.62695	-68.1118	-77.8322	-49.6731
0.62891	-69.1653	-75.6219	-49.6275
0.63086	-70.5238	-73.9214	-49.595
0.63281	-72.3002	-72.5565	-49.5755
0.63477	-74.7105	-71.4317	-49.5685
0.63672	-78.251	-70.4885	-49.5739
0.63867	-84.5782	-69.689	-49.5914
0.64063	-106.1587	-69.0069	-49.6208
0.64258	-83.2861	-68.4234	-49.6621
0.64453	-77.6769	-67.9248	-49.7151
0.64648	-74.4067	-67.5007	-49.7798
0.64844	-72.1554	-67.1429	-49.8562
0.65039	-70.4934	-66.8453	-49.9442
0.65234	-69.2271	-66.6031	-50.0439
0.6543	-68.2534	-66.4124	-50.1555
0.65625	-67.5117	-66.2702	-50.2789
0.6582	-66.9641	-66.1743	-50.4144
0.66016	-66.5867	-66.123	-50.5622
0.66211	-66.3645	-66.115	-50.7224
0.66406	-66.289	-66.1497	-50.8954
0.66602	-66.357	-66.2267	-51.0815
0.66797	-66.5703	-66.3462	-51.281
0.66992	-66.9355	-66.5086	-51.4945
0.67188	-67.4653	-66.715	-51.7223
0.67383	-68.1806	-66.9669	-51.9651
0.67578	-69.1142	-67.2663	-52.2235
0.67773	-70.3181	-67.6157	-52.4983
0.67969	-71.879	-68.0187	-52.7902
0.68164	-73.9539	-68.4795	-53.1004
0.68359	-76.87	-69.0038	-53.4297
0.68555	-81.5091	-69.5986	-53.7796
0.6875	-92.5533	-70.2733	-54.1514
0.68945	-88.6198	-71.0398	-54.5468
0.69141	-80.2763	-71.9145	-54.9679
0.69336	-76.2015	-72.9198	-55.4167
0.69531	-73.5521	-74.0874	-55.8962
0.69727	-71.645	-75.465	-56.4093
0.69922	-70.2072	-77.1279	-56.9599
0.70117	-69.1026	-79.2063	-57.5527
0.70313	-68.2543	-81.9548	-58.1932
0.70508	-67.6154	-85.9909	-58.8885
0.70703	-67.1563	-93.6866	-59.6474
0.70898	-66.8581	-101.4452	-60.4813
0.71094	-66.7096	-88.6009	-61.4051
0.71289	-66.7051	-83.7115	-62.439
0.71484	-66.844	-80.6706	-63.6115
0.7168	-67.1305	-78.4851	-64.964
0.71875	-67.5741	-76.799	-66.5604
0.7207	-68.1913	-75.4433	-68.5078
0.72266	-69.0083	-74.3247	-71.0048
0.72461	-70.0661	-73.3861	-74.4931
0.72656	-71.4315	-72.5901	-80.3453
0.72852	-73.2194	-71.9109	-106.8476
0.73047	-75.6511	-71.3301	-81.3042
0.73242	-79.2392	-70.8341	-75.1089
0.73438	-85.728	-70.4126	-71.5671
0.73633	-103.8857	-70.0576	-69.0887
0.73828	-83.8474	-69.7632	-67.1889
0.74023	-78.3583	-69.5245	-65.6544
0.74219	-75.127	-69.3379	-64.3719
0.74414	-72.8926	-69.2003	-63.2745
0.74609	-71.2385	-69.1097	-62.3189
0.74805	-69.9753	-69.0644	-61.4757
0.75	-69.0019	-69.0634	-60.724
0.75195	-68.2584	-69.1061	-60.0483
0.75391	-67.7079	-69.1922	-59.437
0.75586	-67.3264	-69.3221	-58.881
0.75781	-67.0993	-69.4965	-58.3732
0.75977	-67.0181	-69.7166	-57.9076
0.76172	-67.0797	-69.9842	-57.4796
0.76367	-67.2857	-70.3016	-57.0854
0.76563	-67.6428	-70.6719	-56.7216
0.76758	-68.1636	-71.0991	-56.3855
0.76953	-68.8687	-71.5882	-56.0748
0.77148	-69.7904	-72.1457	-55.7874
0.77344	-70.98	-72.78	-55.5217
0.77539	-72.5227	-73.5021	-55.276
0.77734	-74.5722	-74.3265	-55.0492
0.7793	-77.447	-75.2731	-54.8401
0.78125	-81.9956	-76.3699	-54.6476
0.7832	-92.5351	-77.6579	-54.4708
0.78516	-89.7668	-79.2007	-54.3091
0.78711	-81.1186	-81.104	-54.1616
0.78906	-76.9679	-83.5648	-54.0278
0.79102	-74.2802	-87.0191	-53.9071
0.79297	-72.3478	-92.8136	-53.7991
0.79492	-70.8905	-117.3588	-53.7032
0.79688	-69.7695	-94.0337	-53.6191
0.79883	-68.9064	-87.8049	-53.5465
0.80078	-68.2536	-84.2845	-53.485
0.80273	-67.781	-81.8496	-53.4345
0.80469	-67.4696	-80.0092	-53.3946
0.80664	-67.3077	-78.548	-53.3652
0.80859	-67.2893	-77.3522	-53.3461
0.81055	-67.4138	-76.3545	-53.3371
0.8125	-67.6847	-75.5119	-53.3382
0.81445	-68.1114	-74.7949	-53.3493
0.81641	-68.7098	-74.1831	-53.3703
0.81836	-69.505	-73.6613	-53.4011
0.82031	-70.5366	-73.2182	-53.4418
0.82227	-71.8687	-72.8454	-53.4924
0.82422	-73.6106	-72.5361	-53.5529
0.82617	-75.971	-72.2853	-53.6233
0.82813	-79.423	-72.089	-53.7038
0.83008	-85.5022	-71.9442	-53.7944
0.83203	-116.5896	-71.8486	-53.8953
0.83398	-85.0503	-71.8005	-54.0067
0.83594	-79.2256	-71.7989	-54.1287
0.83789	-75.8712	-71.8432	-54.2616
0.83984	-73.5691	-71.9334	-54.4057
0.8418	-71.8698	-72.07	-54.5612
0.84375	-70.5727	-72.2538	-54.7285
0.8457	-69.5715	-72.4865	-54.9079
0.84766	-68.8041	-72.77	-55.1
0.84961	-68.2317	-73.1074	-55.3052
0.85156	-67.8299	-73.5023	-55.524
0.85352	-67.583	-73.9595	-55.7572
0.85547	-67.4822	-74.4853	-56.0053
0.85742	-67.5239	-75.0877	-56.2692
0.85937	-67.7092	-75.7772	-56.5498
0.86133	-68.0442	-76.5678	-56.8481
0.86328	-68.5407	-77.4785	-57.1654
0.86523	-69.2183	-78.536	-57.5028
0.86719	-70.1075	-79.7791	-57.862
0.86914	-71.2569	-81.2675	-58.2447
0.87109	-72.7463	-83.0997	-58.653
0.87305	-74.7181	-85.4556	-59.0893
0.875	-77.461	-88.7225	-59.5564
0.87695	-81.7135	-94.0251	-60.0577
0.87891	-90.76	-109.8007	-60.5971
0.88086	-92.1989	-97.5512	-61.1797
0.88281	-82.2024	-90.6048	-61.8114
0.88477	-77.7665	-86.8596	-62.4996
0.88672	-74.9494	-84.311	-63.2539
0.88867	-72.9395	-82.4	-64.0866
0.89063	-71.4285	-80.8898	-65.014
0.89258	-70.2662	-79.6577	-66.0582
0.89453	-69.369	-78.6318	-67.2508
0.89648	-68.6868	-77.7667	-68.6385
0.89844	-68.1875	-77.0317	-70.2947
0.90039	-67.851	-76.4052	-72.3457
0.90234	-67.6649	-75.8718	-75.0361
0.9043	-67.6226	-75.4198	-78.9499
0.90625	-67.7226	-75.0404	-86.2437
0.9082	-67.9679	-74.727	-96.3628
0.91016	-68.3671	-74.4743	-82.0603
0.91211	-68.9349	-74.2784	-76.9388
0.91406	-69.695	-74.1364	-73.7545
0.91602	-70.6843	-74.046	-71.4437
0.91797	-71.9623	-74.006	-69.6334
0.91992	-73.6296	-74.0153	-68.1485
0.92188	-75.8742	-74.0738	-66.8926
0.92383	-79.1087	-74.1819	-65.8071
0.92578	-84.5761	-74.3403	-64.8534
0.92773	-103.9205	-74.5508	-64.0051
0.92969	-86.6746	-74.8155	-63.243
0.93164	-80.1473	-75.1375	-62.5529
0.93359	-76.5583	-75.521	-61.924
0.93555	-74.1341	-75.9713	-61.3478
0.9375	-72.3568	-76.4953	-60.8176
0.93945	-71.0032	-77.1021	-60.3279
0.94141	-69.9578	-77.8037	-59.8742
0.94336	-69.1533	-78.6164	-59.453
0.94531	-68.5485	-79.5625	-59.061
0.94727	-68.1171	-80.6739	-58.6957
0.94922	-67.8423	-81.9987	-58.3547
0.95117	-67.7144	-83.6127	-58.0363
0.95312	-67.729	-85.6474	-57.7386
0.95508	-67.8866	-88.3611	-57.4604
0.95703	-68.1923	-92.3828	-57.2003
0.95898	-68.6571	-100.1639	-56.9571
0.96094	-69.2989	-107.1329	-56.7301
0.96289	-70.1463	-94.6468	-56.5181
0.96484	-71.2441	-89.7693	-56.3206
0.9668	-72.6655	-86.7108	-56.1368
0.96875	-74.5391	-84.5002	-55.9662
0.9707	-77.1187	-82.7869	-55.8081
0.97266	-81.0219	-81.4041	-55.6621
0.97461	-88.6286	-80.2595	-55.5278
0.97656	-96.2344	-79.2964	-55.4048
0.97852	-83.3984	-78.4779	-55.2928
0.98047	-78.511	-77.7786	-55.1914
0.98242	-75.5023	-77.1801	-55.1004
0.98437	-73.3825	-76.6691	-55.0196
0.98633	-71.7973	-76.2357	-54.9487
0.98828	-70.5795	-75.8722	-54.8876
0.99023	-69.6378	-75.5729	-54.8362
0.99219	-68.9177	-75.3333	-54.7942
0.99414	-68.3849	-75.15	-54.7617
0.99609	-68.0175	-75.0208	-54.7386
0.99805	-67.802	-74.9439	-54.7247
