x	beta=6	beta=3	beta=0
0	-9.6433e-16	1.9287e-15	-9.6433e-16
0.0019531	-0.0022865	-0.0038423	-0.0059962
0.0039063	-0.0091465	-0.015372	-0.023995
0.0058594	-0.020582	-0.034596	-0.054026
0.0078125	-0.036595	-0.061529	-0.09614
0.0097656	-0.05719	-0.096189	-0.15041
0.011719	-0.082371	-0.1386	-0.21692
0.013672	-0.11215	-0.18879	-0.2958
0.015625	-0.14652	-0.2468	-0.38717
0.017578	-0.1855	-0.31267	-0.4912
0.019531	-0.22911	-0.38644	-0.60808
0.021484	-0.27734	-0.46817	-0.73802
0.023438	-0.33021	-0.55791	-0.88126
0.025391	-0.38773	-0.65574	-1.0381
0.027344	-0.44992	-0.76172	-1.2088
0.029297	-0.5168	-0.87594	-1.3937
0.03125	-0.58837	-0.99848	-1.5933
0.033203	-0.66467	-1.1294	-1.8079
0.035156	-0.7457	-1.2689	-2.0381
0.037109	-0.83149	-1.417	-2.2843
0.039062	-0.92206	-1.5739	-2.5472
0.041016	-1.0174	-1.7397	-2.8275
0.042969	-1.1176	-1.9144	-3.1258
0.044922	-1.2227	-2.0984	-3.4432
0.046875	-1.3326	-2.2917	-3.7804
0.048828	-1.4475	-2.4945	-4.1386
0.050781	-1.5673	-2.707	-4.519
0.052734	-1.692	-2.9294	-4.923
0.054688	-1.8218	-3.162	-5.3521
0.056641	-1.9566	-3.4049	-5.8083
0.058594	-2.0966	-3.6585	-6.2936
0.060547	-2.2416	-3.9229	-6.8105
0.0625	-2.3918	-4.1986	-7.3618
0.064453	-2.5472	-4.4857	-7.9511
0.066406	-2.7078	-4.7848	-8.5823
0.068359	-2.8738	-5.0961	-9.2605
0.070312	-3.0451	-5.42	-9.9918
0.072266	-3.2218	-5.7571	-10.7836
0.074219	-3.404	-6.1078	-11.6457
0.076172	-3.5916	-6.4726	-12.5902
0.078125	-3.7849	-6.8521	-13.6337
0.080078	-3.9838	-7.247	-14.7985
0.082031	-4.1884	-7.6579	-16.1161
0.083984	-4.3987	-8.0858	-17.6333
0.085938	-4.6149	-8.5313	-19.4237
0.087891	-4.8371	-8.9955	-21.6137
0.089844	-5.0652	-9.4796	-24.448
0.091797	-5.2994	-9.9846	-28.5109
0.09375	-5.5397	-10.5119	-35.9589
0.095703	-5.7864	-11.0632	-46.2365
0.097656	-6.0393	-11.6402	-32.0994
0.099609	-6.2987	-12.2448	-27.1485
0.10156	-6.5647	-12.8796	-24.1405
0.10352	-6.8373	-13.5471	-22.012
0.10547	-7.1167	-14.2507	-20.3901
0.10742	-7.403	-14.9941	-19.1001
0.10938	-7.6963	-15.7819	-18.0456
0.11133	-7.9968	-16.6197	-17.1684
0.11328	-8.3045	-17.5144	-16.43
0.11523	-8.6197	-18.4744	-15.8044
0.11719	-8.9425	-19.5108	-15.2727
0.11914	-9.2731	-20.6378	-14.821
0.12109	-9.6116	-21.8746	-14.4387
0.12305	-9.9582	-23.2478	-14.1179
0.125	-10.3131	-24.7956	-13.8522
0.12695	-10.6765	-26.5764	-13.6365
0.12891	-11.0487	-28.6859	-13.467
0.13086	-11.4298	-31.2969	-13.3404
0.13281	-11.8201	-34.7762	-13.2542
0.13477	-12.2199	-40.1604	-13.2065
0.13672	-12.6294	-54.2257	-13.1958
0.13867	-13.049	-45.391	-13.2208
0.14062	-13.479	-38.3098	-13.2808
0.14258	-13.9196	-34.7135	-13.3755
0.14453	-14.3713	-32.3681	-13.5045
0.14648	-14.8345	-30.6777	-13.6682
0.14844	-15.3096	-29.3942	-13.8668
0.15039	-15.797	-28.3904	-14.1013
0.15234	-16.2973	-27.5926	-14.3726
0.1543	-16.8109	-26.9541	-14.6824
0.15625	-17.3385	-26.4439	-15.0325
0.1582	-17.8807	-26.0402	-15.4254
0.16016	-18.4382	-25.7274	-15.8642
0.16211	-19.0117	-25.4938	-16.3526
0.16406	-19.6022	-25.3307	-16.8955
0.16602	-20.2105	-25.2317	-17.4988
0.16797	-20.8376	-25.1918	-18.1702
0.16992	-21.4848	-25.2072	-18.9196
0.17188	-22.1533	-25.2753	-19.7597
0.17383	-22.8446	-25.3944	-20.708
0.17578	-23.5603	-25.5632	-21.7883
0.17773	-24.3023	-25.7816	-23.0349
0.17969	-25.0728	-26.0498	-24.4995
0.18164	-25.8741	-26.3687	-26.2647
0.18359	-26.7093	-26.7403	-28.4763
0.18555	-27.5817	-27.167	-31.4283
0.1875	-28.4954	-27.6524	-35.8748
0.18945	-29.4551	-28.2013	-45.225
0.19141	-30.4667	-28.8198	-46.139
0.19336	-31.5376	-29.5162	-36.409
0.19531	-32.6767	-30.3014	-32.0245
0.19727	-33.8957	-31.1898	-29.1976
0.19922	-35.2099	-32.2016	-27.1323
0.20117	-36.6398	-33.365	-25.5231
0.20312	-38.214	-34.7217	-24.2199
0.20508	-39.9742	-36.3364	-23.1379
0.20703	-41.9849	-38.318	-22.2246
0.20898	-44.353	-40.87	-21.4449
0.21094	-47.2777	-44.4483	-20.7747
0.21289	-51.2	-50.4965	-20.1964
0.21484	-57.4895	-87.2514	-19.6971
0.2168	-84.144	-50.9803	-19.2667
0.21875	-59.3969	-45.0268	-18.8976
0.2207	-53.6652	-41.6295	-18.5838
0.22266	-50.6034	-39.2798	-18.3204
0.22461	-48.6175	-37.5087	-18.1038
0.22656	-47.2225	-36.1081	-17.9307
0.22852	-46.2056	-34.9674	-17.7989
0.23047	-45.4545	-34.0207	-17.7063
0.23242	-44.903	-33.2256	-17.6515
0.23437	-44.509	-32.5533	-17.6335
0.23633	-44.2443	-31.9835	-17.6514
0.23828	-44.0894	-31.5011	-17.705
0.24023	-44.0304	-31.0951	-17.794
0.24219	-44.0573	-30.7567	-17.9187
0.24414	-44.1633	-30.4795	-18.0795
0.24609	-44.3436	-30.2581	-18.2773
0.24805	-44.595	-30.0885	-18.5132
0.25	-44.9162	-29.9677	-18.7889
0.25195	-45.3072	-29.8931	-19.1062
0.25391	-45.7694	-29.8629	-19.4679
0.25586	-46.3058	-29.8758	-19.877
0.25781	-46.9209	-29.9311	-20.3377
0.25977	-47.6218	-30.0283	-20.8548
0.26172	-48.4178	-30.1676	-21.4348
0.26367	-49.3223	-30.3494	-22.0856
0.26563	-50.354	-30.5746	-22.8179
0.26758	-51.5394	-30.8448	-23.6453
0.26953	-52.9179	-31.1618	-24.5865
0.27148	-54.5507	-31.5285	-25.6673
0.27344	-56.5395	-31.9481	-26.9255
0.27539	-59.0727	-32.4251	-28.4182
0.27734	-62.5622	-32.965	-30.2394
0.2793	-68.2432	-33.575	-32.5587
0.28125	-87.494	-34.2646	-35.7338
0.2832	-70.7952	-35.0458	-40.766
0.28516	-64.3833	-35.9352	-53.8765
0.28711	-60.8959	-36.9554	-45.9755
0.28906	-58.5455	-38.139	-38.4407
0.29102	-56.8106	-39.5344	-34.5303
0.29297	-55.466	-41.2188	-31.8986
0.29492	-54.3939	-43.326	-29.9322
0.29688	-53.5248	-46.1203	-28.3776
0.29883	-52.8144	-50.251	-27.1051
0.30078	-52.2328	-58.3091	-26.0395
0.30273	-51.7591	-64.1424	-25.1333
0.30469	-51.3778	-52.2998	-24.3548
0.30664	-51.0777	-47.5447	-23.6813
0.30859	-50.8501	-44.5548	-23.0968
0.31055	-50.6884	-42.3938	-22.5889
0.3125	-50.5877	-40.7199	-22.1484
0.31445	-50.5441	-39.3694	-21.768
0.31641	-50.5548	-38.2512	-21.4419
0.31836	-50.6178	-37.3092	-21.1657
0.32031	-50.7319	-36.5069	-20.9358
0.32227	-50.8964	-35.8188	-20.7491
0.32422	-51.1114	-35.2265	-20.6034
0.32617	-51.3776	-34.7167	-20.497
0.32813	-51.6961	-34.279	-20.4284
0.33008	-52.0692	-33.9056	-20.3966
0.33203	-52.4998	-33.5904	-20.401
0.33398	-52.9917	-33.3284	-20.4412
0.33594	-53.5501	-33.1159	-20.5171
0.33789	-54.1819	-32.9498	-20.6291
0.33984	-54.8959	-32.8277	-20.7777
0.3418	-55.7041	-32.7479	-20.9638
0.34375	-56.6223	-32.709	-21.1886
0.3457	-57.6728	-32.7101	-21.4538
0.34766	-58.8873	-32.7507	-21.7615
0.34961	-60.3129	-32.8307	-22.1145
0.35156	-62.0249	-32.9503	-22.516
0.35352	-64.1529	-33.1101	-22.9704
0.35547	-66.9507	-33.3111	-23.4829
0.35742	-71.033	-33.5547	-24.0602
0.35938	-78.7542	-33.8429	-24.7109
0.36133	-86.7405	-34.1783	-25.4461
0.36328	-73.8581	-34.564	-26.2805
0.36523	-69.0139	-35.0041	-27.2344
0.36719	-66.0263	-35.5037	-28.3358
0.36914	-63.8969	-36.0695	-29.6261
0.37109	-62.2684	-36.7098	-31.1694
0.37305	-60.9715	-37.4358	-33.0724
0.375	-59.9125	-38.2619	-35.5345
0.37695	-59.0343	-39.2081	-38.9978
0.37891	-58.2993	-40.3023	-44.8395
0.38086	-57.6818	-41.5855	-71.7206
0.38281	-57.1632	-43.1209	-45.7445
0.38477	-56.73	-45.0143	-39.5656
0.38672	-56.3718	-47.4618	-36.0414
0.38867	-56.0809	-50.8974	-33.5875
0.39063	-55.8512	-56.6578	-31.7202
0.39258	-55.6778	-80.5499	-30.2264
0.39453	-55.5572	-57.9344	-28.9935
0.39648	-55.4864	-51.661	-27.9544
0.39844	-55.4635	-48.1107	-27.0662
0.40039	-55.4869	-45.6478	-26.2997
0.40234	-55.5557	-43.7786	-25.6342
0.4043	-55.6694	-42.2871	-25.0545
0.40625	-55.828	-41.0591	-24.5491
0.4082	-56.032	-40.027	-24.1094
0.41016	-56.2826	-39.1474	-23.7284
0.41211	-56.5811	-38.3909	-23.4007
0.41406	-56.9299	-37.7368	-23.1221
0.41602	-57.3319	-37.1698	-22.8891
0.41797	-57.7908	-36.6783	-22.6989
0.41992	-58.3116	-36.2538	-22.5494
0.42188	-58.9006	-35.8892	-22.4388
0.42383	-59.5659	-35.5793	-22.366
0.42578	-60.3184	-35.3197	-22.3299
0.42773	-61.1723	-35.1071	-22.3299
0.42969	-62.147	-34.9389	-22.3659
0.43164	-63.27	-34.8129	-22.4378
0.43359	-64.5812	-34.7275	-22.546
0.43555	-66.1425	-34.6816	-22.691
0.4375	-68.0565	-34.6744	-22.8739
0.43945	-70.5127	-34.7056	-23.0959
0.44141	-73.9254	-34.775	-23.359
0.44336	-79.5404	-34.883	-23.6653
0.44531	-99.0821	-35.0301	-24.0176
0.44727	-81.8013	-35.2174	-24.4196
0.44922	-75.3247	-35.4463	-24.8756
0.45117	-71.7478	-35.7188	-25.3913
0.45312	-69.3004	-36.0372	-25.9738
0.45508	-67.4642	-36.4048	-26.6321
0.45703	-66.0149	-36.8253	-27.3781
0.45898	-64.8351	-37.3039	-28.2278
0.46094	-63.8555	-37.8467	-29.2027
0.46289	-63.032	-38.4618	-30.3338
0.46484	-62.3346	-39.1597	-31.6665
0.4668	-61.7423	-39.9542	-33.2726
0.46875	-61.2395	-40.8638	-35.2747
0.4707	-60.8149	-41.9147	-37.9088
0.47266	-60.4595	-43.1446	-41.7315
0.47461	-60.1666	-44.6112	-48.7314
0.47656	-59.9309	-46.4089	-61.3243
0.47852	-59.7483	-48.709	-45.4436
0.48047	-59.6154	-51.8738	-40.196
0.48242	-59.5298	-56.9228	-36.9903
0.48438	-59.4895	-70.3589	-34.6947
0.48633	-59.4934	-61.812	-32.9205
0.48828	-59.5405	-54.3544	-31.4869
0.49023	-59.6304	-50.4481	-30.2952
0.49219	-59.7632	-47.8071	-29.2855
0.49414	-59.9393	-45.8272	-28.4189
0.49609	-60.1596	-44.2573	-27.6684
0.49805	-60.4255	-42.9691	-27.015
0.5	-60.7391	-41.8878	-26.4444
0.50195	-61.1029	-40.9663	-25.9459
0.50391	-61.5202	-40.173	-25.5114
0.50586	-61.9955	-39.4854	-25.1342
0.50781	-62.5341	-38.8875	-24.8094
0.50977	-63.1432	-38.367	-24.5327
0.51172	-63.832	-37.9148	-24.301
0.51367	-64.6125	-37.5236	-24.1117
0.51563	-65.5008	-37.1878	-23.9626
0.51758	-66.5193	-36.9028	-23.8522
0.51953	-67.6997	-36.6652	-23.7793
0.52148	-69.0893	-36.4721	-23.7431
0.52344	-70.7631	-36.3212	-23.743
0.52539	-72.8502	-36.2109	-23.7789
0.52734	-75.6034	-36.1398	-23.8507
0.5293	-79.6331	-36.1072	-23.959
0.53125	-87.2659	-36.1124	-24.1045
0.5332	-95.4948	-36.1552	-24.2881
0.53516	-82.4101	-36.2359	-24.5114
0.53711	-77.5016	-36.3548	-24.7761
0.53906	-74.4608	-36.5128	-25.0848
0.54102	-72.2808	-36.7112	-25.4404
0.54297	-70.6022	-36.9514	-25.8466
0.54492	-69.2552	-37.2358	-26.3082
0.54688	-68.1456	-37.567	-26.831
0.54883	-67.216	-37.9484	-27.4225
0.55078	-66.429	-38.3843	-28.0926
0.55273	-65.7585	-38.8802	-28.8538
0.55469	-65.1861	-39.4431	-29.7231
0.55664	-64.698	-40.0818	-30.7242
0.55859	-64.2839	-40.8079	-31.8906
0.56055	-63.9359	-41.6368	-33.2728
0.5625	-63.6479	-42.5897	-34.9516
0.56445	-63.4148	-43.6964	-37.0685
0.56641	-63.2331	-45.0011	-39.9065
0.56836	-63.0996	-46.5728	-44.1807
0.57031	-63.0122	-48.5285	-52.9758
0.57227	-62.9691	-51.0912	-55.495
0.57422	-62.9692	-54.7755	-45.0697
0.57617	-63.0117	-61.3316	-40.5049
0.57813	-63.0963	-79.3482	-37.5658
0.58008	-63.2232	-59.4283	-35.411
0.58203	-63.3928	-53.8982	-33.7228
0.58398	-63.6061	-50.5858	-32.3466
0.58594	-63.8646	-48.2326	-31.1955
0.58789	-64.1702	-46.4216	-30.2158
0.58984	-64.5257	-44.9622	-29.3718
0.5918	-64.9342	-43.7512	-28.6389
0.59375	-65.4003	-42.7266	-27.9993
0.5957	-65.9294	-41.8481	-27.4397
0.59766	-66.5284	-41.0882	-26.9502
0.59961	-67.2066	-40.4273	-26.5229
0.60156	-67.9759	-39.8507	-26.1518
0.60352	-68.8523	-39.3477	-25.8319
0.60547	-69.8579	-38.9098	-25.5594
0.60742	-71.0239	-38.5305	-25.3312
0.60937	-72.3971	-38.2045	-25.1449
0.61133	-74.0512	-37.9278	-24.9985
0.61328	-76.1127	-37.6971	-24.8904
0.61523	-78.8279	-37.5098	-24.8197
0.61719	-82.7861	-37.3638	-24.7855
0.61914	-90.1769	-37.2576	-24.7874
0.62109	-99.9307	-37.1901	-24.8253
0.62305	-85.9435	-37.1604	-24.8993
0.625	-80.9221	-37.1682	-25.0098
0.62695	-77.8322	-37.2133	-25.1578
0.62891	-75.6219	-37.296	-25.3443
0.63086	-73.9214	-37.4168	-25.5709
0.63281	-72.5565	-37.5766	-25.8395
0.63477	-71.4317	-37.7767	-26.1528
0.63672	-70.4885	-38.0188	-26.5137
0.63867	-69.689	-38.3052	-26.9264
0.64063	-69.0069	-38.6387	-27.3957
0.64258	-68.4234	-39.0229	-27.9279
0.64453	-67.9248	-39.4622	-28.531
0.64648	-67.5007	-39.9624	-29.2153
0.64844	-67.1429	-40.5304	-29.9944
0.65039	-66.8453	-41.1757	-30.8866
0.65234	-66.6031	-41.9103	-31.9174
0.6543	-66.4124	-42.7504	-33.1237
0.65625	-66.2702	-43.718	-34.5616
0.6582	-66.1743	-44.8449	-36.3226
0.66016	-66.123	-46.1778	-38.571
0.66211	-66.115	-47.7911	-41.6506
0.66406	-66.1497	-49.8123	-46.5049
0.66602	-66.2267	-52.4898	-58.5516
0.66797	-66.3462	-56.4203	-52.5483
0.66992	-66.5086	-63.8405	-44.6188
0.67188	-66.715	-72.9853	-40.5777
0.67383	-66.9669	-59.2754	-37.8648
0.67578	-67.2663	-54.2352	-35.8354
0.67773	-67.6157	-51.1019	-34.2263
0.67969	-68.0187	-48.8399	-32.9043
0.68164	-68.4795	-47.0831	-31.7924
0.68359	-69.0038	-45.6587	-30.842
0.68555	-69.5986	-44.4716	-30.0207
0.6875	-70.2733	-43.4639	-29.3058
0.68945	-71.0398	-42.5975	-28.6807
0.69141	-71.9145	-41.8463	-28.1331
0.69336	-72.9198	-41.1916	-27.6535
0.69531	-74.0874	-40.6194	-27.2345
0.69727	-75.465	-40.1193	-26.8704
0.69922	-77.1279	-39.6832	-26.5567
0.70117	-79.2063	-39.3047	-26.2895
0.70313	-81.9548	-38.9788	-26.066
0.70508	-85.9909	-38.7016	-25.8839
0.70703	-93.6866	-38.4698	-25.7413
0.70898	-101.4452	-38.2809	-25.6369
0.71094	-88.6009	-38.1331	-25.5695
0.71289	-83.7115	-38.0247	-25.5386
0.71484	-80.6706	-37.9546	-25.5437
0.7168	-78.4851	-37.9222	-25.5848
0.71875	-76.799	-37.927	-25.6622
0.7207	-75.4433	-37.969	-25.7763
0.72266	-74.3247	-38.0483	-25.9281
0.72461	-73.3861	-38.1657	-26.1187
0.72656	-72.5901	-38.3218	-26.3499
0.72852	-71.9109	-38.5182	-26.6237
0.73047	-71.3301	-38.7566	-26.9428
0.73242	-70.8341	-39.0391	-27.3105
0.73438	-70.4126	-39.3686	-27.731
0.73633	-70.0576	-39.7488	-28.2095
0.73828	-69.7632	-40.184	-28.7527
0.74023	-69.5245	-40.68	-29.3689
0.74219	-69.3379	-41.244	-30.0693
0.74414	-69.2003	-41.8851	-30.8684
0.74609	-69.1097	-42.6156	-31.7859
0.74805	-69.0644	-43.4516	-32.8495
0.75	-69.0634	-44.4154	-34.0999
0.75195	-69.1061	-45.5385	-35.5996
0.75391	-69.1922	-46.8681	-37.4526
0.75586	-69.3221	-48.4785	-39.8518
0.75781	-69.4965	-50.4979	-43.2204
0.75977	-69.7166	-53.1759	-48.8463
0.76172	-69.9842	-57.1132	-70.0637
0.76367	-70.3016	-64.5721	-50.5245
0.76563	-70.6719	-73.4216	-44.0856
0.76758	-71.0991	-59.8761	-40.4594
0.76953	-71.5882	-54.8504	-37.9409
0.77148	-72.1457	-51.7195	-36.0237
0.77344	-72.78	-49.4564	-34.4874
0.77539	-73.5021	-47.6967	-33.2162
0.77734	-74.3265	-46.2687	-32.1416
0.7793	-75.2731	-45.0775	-31.2196
0.78125	-76.3699	-44.0653	-30.4207
0.7832	-77.6579	-43.1942	-29.7237
0.78516	-79.2007	-42.4381	-29.1133
0.78711	-81.104	-41.7783	-28.5778
0.78906	-83.5648	-41.201	-28.1085
0.79102	-87.0191	-40.6956	-27.6984
0.79297	-92.8136	-40.2542	-27.3419
0.79492	-117.3588	-39.8702	-27.0348
0.79688	-94.0337	-39.5388	-26.7736
0.79883	-87.8049	-39.256	-26.5555
0.80078	-84.2845	-39.0185	-26.3783
0.80273	-81.8496	-38.8239	-26.2402
0.80469	-80.0092	-38.6702	-26.14
0.80664	-78.548	-38.5559	-26.0768
0.80859	-77.3522	-38.4798	-26.0498
0.81055	-76.3545	-38.4413	-26.0589
0.8125	-75.5119	-38.4399	-26.104
0.81445	-74.7949	-38.4755	-26.1855
0.81641	-74.1831	-38.5483	-26.3039
0.81836	-73.6613	-38.659	-26.4602
0.82031	-73.2182	-38.8084	-26.6558
0.82227	-72.8454	-38.9978	-26.8923
0.82422	-72.5361	-39.229	-27.1721
0.82617	-72.2853	-39.504	-27.4979
0.82813	-72.089	-39.8258	-27.8733
0.83008	-71.9442	-40.1979	-28.3025
0.83203	-71.8486	-40.6246	-28.7913
0.83398	-71.8005	-41.1115	-29.3465
0.83594	-71.7989	-41.6657	-29.9773
0.83789	-71.8432	-42.2963	-30.6952
0.83984	-71.9334	-43.0151	-31.5159
0.8418	-72.07	-43.838	-32.4609
0.84375	-72.2538	-44.7867	-33.5603
0.8457	-72.4865	-45.8917	-34.8588
0.84766	-72.77	-47.1989	-36.4265
0.84961	-73.1074	-48.7797	-38.3826
0.85156	-73.5023	-50.7566	-40.9552
0.85352	-73.9595	-53.3654	-44.6748
0.85547	-74.4853	-57.1615	-51.3806
0.85742	-75.0877	-64.1275	-66.9454
0.85937	-75.7772	-76.8024	-48.8974
0.86133	-76.5678	-60.8282	-43.463
0.86328	-77.4785	-55.5527	-40.1741
0.86523	-78.536	-52.3234	-37.8243
0.86719	-79.7791	-50.0057	-36.008
0.86914	-81.2675	-48.2102	-34.5387
0.87109	-83.0997	-46.756	-33.315
0.87305	-85.4556	-45.5443	-32.2758
0.875	-88.7225	-44.5152	-31.3811
0.87695	-94.0251	-43.6296	-30.6038
0.87891	-109.8007	-42.8606	-29.9243
0.88086	-97.5512	-42.1892	-29.3284
0.88281	-90.6048	-41.6011	-28.8052
0.88477	-86.8596	-41.0857	-28.3462
0.88672	-84.311	-40.6347	-27.9451
0.88867	-82.4	-40.2417	-27.5965
0.89063	-80.8898	-39.9015	-27.2963
0.89258	-79.6577	-39.6101	-27.0414
0.89453	-78.6318	-39.3642	-26.8289
0.89648	-77.7667	-39.1614	-26.6569
0.89844	-77.0317	-38.9996	-26.5238
0.90039	-76.4052	-38.8771	-26.4282
0.90234	-75.8718	-38.793	-26.3695
0.9043	-75.4198	-38.7464	-26.3469
0.90625	-75.0404	-38.7369	-26.3603
0.9082	-74.727	-38.7644	-26.4099
0.91016	-74.4743	-38.829	-26.4958
0.91211	-74.2784	-38.9313	-26.619
0.91406	-74.1364	-39.0721	-26.7804
0.91602	-74.046	-39.2527	-26.9813
0.91797	-74.006	-39.4748	-27.2238
0.91992	-74.0153	-39.7405	-27.5101
0.92188	-74.0738	-40.0525	-27.8432
0.92383	-74.1819	-40.4142	-28.2268
0.92578	-74.3403	-40.83	-28.6655
0.92773	-74.5508	-41.3053	-29.1653
0.92969	-74.8155	-41.8469	-29.7334
0.93164	-75.1375	-42.4636	-30.3796
0.93359	-75.521	-43.1669	-31.1163
0.93555	-75.9713	-43.9721	-31.9603
0.9375	-76.4953	-44.9	-32.9347
0.93945	-77.1021	-45.9799	-34.0726
0.94141	-77.8037	-47.2553	-35.4235
0.94336	-78.6164	-48.7936	-37.0661
0.94531	-79.5625	-50.7091	-39.1379
0.94727	-80.6739	-53.2176	-41.9116
0.94922	-81.9987	-56.8122	-46.0659
0.95117	-83.6127	-63.1262	-54.4052
0.95312	-85.6474	-85.9276	-58.6229
0.95508	-88.3611	-61.9573	-47.4492
0.95703	-92.3828	-56.2371	-42.7423
0.95898	-100.1639	-52.8439	-39.733
0.96094	-107.1329	-50.439	-37.5309
0.96289	-94.6468	-48.588	-35.8057
0.96484	-89.7693	-47.0945	-34.3981
0.9668	-86.7108	-45.8529	-33.2188
0.96875	-84.5002	-44.7998	-32.2129
0.9707	-82.7869	-43.8941	-31.3443
0.97266	-81.4041	-43.1079	-30.5877
0.97461	-80.2595	-42.4211	-29.9253
0.97656	-79.2964	-41.8193	-29.3435
0.97852	-78.4779	-41.2912	-28.8322
0.98047	-77.7786	-40.8284	-28.3835
0.98242	-77.1801	-40.4243	-27.9913
0.98437	-76.6691	-40.0735	-27.6505
0.98633	-76.2357	-39.772	-27.3574
0.98828	-75.8722	-39.5164	-27.1087
0.99023	-75.5729	-39.3041	-26.9021
0.99219	-75.3333	-39.133	-26.7354
0.99414	-75.15	-39.0014	-26.6073
0.99609	-75.0208	-38.9083	-26.5165
0.99805	-74.9439	-38.8527	-26.4624
