x	1.05w0	1.1w0	1.5w0
-1	1.027	1.4376	1
-0.99609	0.96551	1.327	0.9416
-0.99219	0.79796	1.0125	0.78422
-0.98828	0.58547	0.54332	0.59117
-0.98438	0.47327	0.064095	0.50087
-0.98047	0.59229	0.57029	0.61591
-0.97656	0.80555	1.0341	0.81111
-0.97266	0.97096	1.3402	0.95844
-0.96875	1.0292	1.4406	1.002
-0.96484	0.96407	1.3193	0.92865
-0.96094	0.79375	0.99506	0.76112
-0.95703	0.58135	0.51848	0.57134
-0.95313	0.47577	0.076424	0.50789
-0.94922	0.60192	0.59987	0.64584
-0.94531	0.81665	1.0602	0.84233
-0.94141	0.98052	1.3592	0.97956
-0.9375	1.0356	1.4496	1.0081
-0.93359	0.96663	1.317	0.91931
-0.92969	0.79288	0.98148	0.74138
-0.92578	0.57989	0.49535	0.55643
-0.92188	0.48084	0.097096	0.52218
-0.91797	0.61452	0.63262	0.6815
-0.91406	0.83148	1.0913	0.87861
-0.91016	0.9944	1.3843	1.0055
-0.90625	1.0465	1.465	1.0184
-0.90234	0.9733	1.3201	0.91338
-0.89844	0.7954	0.97156	0.7247
-0.89453	0.58115	0.47355	0.54673
-0.89063	0.48864	0.123	0.54432
-0.88672	0.63038	0.66917	0.72376
-0.88281	0.85037	1.1282	0.92091
-0.87891	1.0129	1.4161	1.0368
-0.875	1.0621	1.487	1.0332
-0.87109	0.9843	1.3289	0.91073
-0.86719	0.80146	0.96522	0.71091
-0.86328	0.58524	0.4527	0.54292
-0.85938	0.49941	0.15287	0.57526
-0.85547	0.64986	0.71033	0.77384
-0.85156	0.87377	1.1716	0.97047
-0.84766	1.0366	1.4554	1.0746
-0.84375	1.0829	1.5163	1.0529
-0.83984	0.99997	1.3435	0.91129
-0.83594	0.81129	0.96242	0.69995
-0.83203	0.5924	0.43241	0.54617
-0.82813	0.51348	0.18656	0.61644
-0.82422	0.67348	0.75709	0.83353
-0.82031	0.9023	1.2227	1.029
-0.81641	1.066	1.5034	1.12
-0.8125	1.1095	1.5539	1.0781
-0.80859	1.0208	1.3646	0.91504
-0.80469	0.82529	0.96324	0.69198
-0.80078	0.60297	0.41227	0.55831
-0.79688	0.53134	0.2245	0.67007
-0.79297	0.70191	0.81069	0.90534
-0.78906	0.93678	1.2829	1.0988
-0.78516	1.102	1.5614	1.1746
-0.78125	1.1427	1.6008	1.1094
-0.77734	1.0475	1.3929	0.92197
-0.77344	0.84399	0.96785	0.68745
-0.76953	0.61742	0.39183	0.58224
-0.76563	0.55364	0.26757	0.73948
-0.76172	0.73606	0.87275	0.99295
-0.75781	0.97828	1.3542	1.1832
-0.75391	1.1458	1.6314	1.2409
-0.75	1.1836	1.6588	1.1481
-0.74609	1.0811	1.4295	0.93209
-0.74219	0.86816	0.97656	0.68739
-0.73828	0.63646	0.37052	0.62243
-0.73438	0.5813	0.31708	0.82982
-0.73047	0.77712	0.94542	1.1019
-0.72656	1.0283	1.439	1.2871
-0.72266	1.199	1.7159	1.3221
-0.71875	1.2339	1.73	1.1953
-0.71484	1.1229	1.4759	0.94535
-0.71094	0.89887	0.98981	0.69399
-0.70703	0.66106	0.34767	0.68608
-0.70313	0.61554	0.37487	0.94945
-0.69922	0.82676	1.0316	1.241
-0.69531	1.0888	1.541	1.4182
-0.69141	1.2638	1.8186	1.4236
-0.6875	1.2955	1.8177	1.2532
-0.68359	1.1747	1.5342	0.96157
-0.67969	0.93765	1.0083	0.71199
-0.67578	0.69262	0.32238	0.78529
-0.67188	0.65813	0.44352	1.1126
-0.66797	0.88726	1.1353	1.425
-0.66406	1.1625	1.6649	1.5892
-0.66016	1.3432	1.9445	1.5537
-0.65625	1.3715	1.9261	1.3245
-0.65234	1.2392	1.6074	0.98024
-0.64844	0.98668	1.033	0.75226
-0.64453	0.73318	0.29343	0.94227
-0.64063	0.71156	0.52677	1.346
-0.63672	0.96188	1.2623	1.6815
-0.63281	1.2535	1.8178	1.8239
-0.62891	1.4415	2.101	1.7276
-0.625	1.4662	2.0618	1.413
-0.62109	1.3203	1.6999	1.0005
-0.61719	1.0492	1.0654	0.84174
-0.61328	0.7858	0.25916	1.203
-0.60938	0.77954	0.63017	1.7056
-0.60547	1.0554	1.4213	2.069
-0.60156	1.3675	2.0104	2.1726
-0.59766	1.5651	2.299	1.9767
-0.59375	1.586	2.2345	1.5245
-0.58984	1.4237	1.8185	1.023
-0.58594	1.1302	1.1078	1.0551
-0.58203	0.85525	0.21732	1.6826
-0.57813	0.86779	0.76235	2.3354
-0.57422	1.1752	1.6256	2.7407
-0.57031	1.5135	2.2592	2.7702
-0.56641	1.724	2.5561	2.3852
-0.5625	1.7409	2.4597	1.6682
-0.55859	1.5587	1.9739	1.0748
-0.55469	1.2377	1.1636	1.6482
-0.55078	0.9493	0.16562	2.7772
-0.54688	0.98552	0.9375	3.757
-0.54297	1.3329	1.8974	4.2856
-0.53906	1.7057	2.5918	4.1712
-0.53516	1.9342	2.9012	3.3213
-0.53125	1.9473	2.7634	1.8585
-0.52734	1.7407	2.1842	1.6433
-0.52344	1.3855	1.239	4.2254
-0.51953	1.0816	0.10939	7.4102
-0.51563	1.1487	1.1807	10.6327
-0.51172	1.5488	2.2761	13.5348
-0.50781	1.9688	3.0575	15.8057
-0.50391	2.2235	3.3873	17.1998
-0.5	2.2341	3.1934	17.5642
-0.49609	1.9974	2.4829	16.8576
-0.49219	1.5995	1.3448	15.1576
-0.48828	1.2781	0.12262	12.6528
-0.48438	1.3873	1.5412	9.6243
-0.48047	1.8603	2.84	6.4233
-0.47656	2.3489	3.7559	3.4914
-0.47266	2.645	4.1218	1.787
-0.46875	2.6576	3.848	2.5059
-0.46484	2.385	2.9398	3.4964
-0.46094	1.9341	1.503	3.8344
-0.45703	1.5954	0.29899	3.494
-0.45313	1.7655	2.1314	2.6888
-0.44922	2.3466	3.7704	1.888
-0.44531	2.9439	4.9223	1.8715
-0.44141	3.3134	5.3654	2.544
-0.4375	3.3446	4.9714	3.1209
-0.43359	3.0364	3.7314	3.242
-0.42969	2.5278	1.7674	2.8228
-0.42578	2.183	0.70079	1.9804
-0.42188	2.451	3.2831	1.2691
-0.41797	3.2087	5.6215	1.8528
-0.41406	4.0028	7.3068	3.013
-0.41016	4.532	7.989	3.9213
-0.40625	4.653	7.4226	4.2608
-0.40234	4.3673	5.5082	3.8844
-0.39844	3.8677	2.3203	2.7896
-0.39453	3.6089	1.918	1.2295
-0.39063	4.0753	6.7584	1.5497
-0.38672	5.1653	11.7068	3.6544
-0.38281	6.4081	16.1746	5.5814
-0.37891	7.4624	19.5842	6.8486
-0.375	8.225	21.4339	7.1035
-0.37109	8.8744	21.3628	6.1004
-0.36719	9.8775	19.2002	3.7382
-0.36328	11.762	14.9988	0.59926
-0.35938	14.7122	9.0617	4.8832
-0.35547	18.4776	2.4497	10.4586
-0.35156	22.5926	6.8378	16.3517
-0.34766	26.552	14.7581	22.0286
-0.34375	29.8866	22.0819	26.9604
-0.33984	32.2043	28.073	30.6757
-0.33594	33.221	32.2006	32.8139
-0.33203	32.7845	34.134	33.1659
-0.32813	30.8871	33.7675	31.698
-0.32422	27.6648	31.2258	28.5554
-0.32031	23.382	26.8439	24.0447
-0.31641	18.406	21.1249	18.5982
-0.3125	13.1777	14.6789	12.7244
-0.30859	8.2095	8.152	6.9511
-0.30469	4.2806	2.1542	1.7814
-0.30078	3.3366	2.8058	2.4778
-0.29688	4.9631	6.3717	5.4297
-0.29297	6.3111	8.3692	7.0306
-0.28906	6.7405	8.8133	7.3154
-0.28516	6.2679	7.8927	6.4656
-0.28125	5.1014	5.9335	4.7721
-0.27734	3.5714	3.3495	2.5935
-0.27344	2.2186	0.58473	0.36963
-0.26953	2.0174	1.9488	1.7998
-0.26562	2.8313	3.9093	3.3587
-0.26172	3.5763	5.0756	4.2457
-0.25781	3.8743	5.3578	4.3951
-0.25391	3.6694	4.7998	3.8557
-0.25	3.0437	3.5612	2.7716
-0.24609	2.1877	1.8861	1.3565
-0.24219	1.4705	0.081639	0.24237
-0.23828	1.4762	1.6316	1.5501
-0.23438	2.0214	2.9424	2.5771
-0.23047	2.5017	3.705	3.1343
-0.22656	2.687	3.843	3.1671
-0.22266	2.534	3.3785	2.705
-0.21875	2.0972	2.4226	1.851
-0.21484	1.5192	1.1533	0.7644
-0.21094	1.0932	0.22989	0.41349
-0.20703	1.1927	1.4761	1.4218
-0.20313	1.5997	2.4289	2.1657
-0.19922	1.9306	2.9506	2.5333
-0.19531	2.0381	2.9842	2.4856
-0.19141	1.8961	2.5503	2.0502
-0.1875	1.5519	1.7402	1.3136
-0.18359	1.1294	0.70012	0.40929
-0.17969	0.87992	0.41345	0.54261
-0.17578	1.0286	1.3947	1.3497
-0.17187	1.3468	2.1169	1.9152
-0.16797	1.5792	2.475	2.1572
-0.16406	1.6297	2.4282	2.0498
-0.16016	1.4868	2.0008	1.6225
-0.15625	1.1981	1.2756	0.95431
-0.15234	0.88188	0.38356	0.16644
-0.14844	0.75826	0.55708	0.64318
-0.14453	0.9314	1.3558	1.3108
-0.14062	1.184	1.9143	1.7514
-0.13672	1.3441	2.1502	1.9015
-0.13281	1.3498	2.0368	1.7456
-0.12891	1.202	1.6036	1.3168
-0.125	0.9528	0.93038	0.69037
-0.12109	0.72255	0.15475	0.048795
-0.11719	0.69604	0.68127	0.73021
-0.11328	0.87675	1.3456	1.2952
-0.10938	1.0761	1.7791	1.6415
-0.10547	1.1787	1.9169	1.7186
-0.10156	1.1471	1.7445	1.5201
-0.097656	0.99353	1.2974	1.0831
-0.09375	0.77832	0.65579	0.48167
-0.089844	0.62782	0.13157	0.18743
-0.085937	0.6763	0.79783	0.81262
-0.082031	0.8523	1.3579	1.2983
-0.078125	1.0053	1.6901	1.5686
-0.074219	1.0592	1.744	1.5838
-0.070313	0.99508	1.5161	1.3452
-0.066406	0.837	1.0484	0.89428
-0.0625	0.65771	0.42532	0.3058
-0.058594	0.58673	0.29404	0.32504
-0.054687	0.68901	0.91463	0.89639
-0.050781	0.85153	1.3901	1.318
-0.046875	0.96221	1.6357	1.5239
-0.042969	0.9725	1.6137	1.4832
-0.039063	0.87922	1.3305	1.2044
-0.035156	0.72015	0.8357	0.73398
-0.03125	0.58519	0.22701	0.14863
-0.027344	0.5923	0.46739	0.45722
-0.023438	0.72829	1.038	0.98633
-0.019531	0.8714	1.4419	1.3543
-0.015625	0.94177	1.6099	1.5026
-0.011719	0.91122	1.5152	1.4083
-0.0078125	0.79154	1.1743	1.0872
-0.0039062	0.63832	0.64547	0.5911
0	0.56074	0.10673	3.2974e-14
0.0039062	0.63832	0.64547	0.5911
0.0078125	0.79154	1.1743	1.0872
0.011719	0.91122	1.5152	1.4083
0.015625	0.94177	1.6099	1.5026
0.019531	0.8714	1.4419	1.3543
0.023438	0.72829	1.038	0.98633
0.027344	0.5923	0.46739	0.45722
0.03125	0.58519	0.22701	0.14863
0.035156	0.72015	0.8357	0.73398
0.039063	0.87922	1.3305	1.2044
0.042969	0.9725	1.6137	1.4832
0.046875	0.96221	1.6357	1.5239
0.050781	0.85153	1.3901	1.318
0.054687	0.68901	0.91463	0.89639
0.058594	0.58673	0.29404	0.32504
0.0625	0.65771	0.42532	0.3058
0.066406	0.837	1.0484	0.89428
0.070313	0.99508	1.5161	1.3452
0.074219	1.0592	1.744	1.5838
0.078125	1.0053	1.6901	1.5686
0.082031	0.8523	1.3579	1.2983
0.085937	0.6763	0.79783	0.81262
0.089844	0.62782	0.13157	0.18743
0.09375	0.77832	0.65579	0.48167
0.097656	0.99353	1.2974	1.0831
0.10156	1.1471	1.7445	1.5201
0.10547	1.1787	1.9169	1.7186
0.10938	1.0761	1.7791	1.6415
0.11328	0.87675	1.3456	1.2952
0.11719	0.69604	0.68127	0.73021
0.12109	0.72255	0.15475	0.048795
0.125	0.9528	0.93038	0.69037
0.12891	1.202	1.6036	1.3168
0.13281	1.3498	2.0368	1.7456
0.13672	1.3441	2.1502	1.9015
0.14062	1.184	1.9143	1.7514
0.14453	0.9314	1.3558	1.3108
0.14844	0.75826	0.55708	0.64318
0.15234	0.88188	0.38356	0.16644
0.15625	1.1981	1.2756	0.95431
0.16016	1.4868	2.0008	1.6225
0.16406	1.6297	2.4282	2.0498
0.16797	1.5792	2.475	2.1572
0.17187	1.3468	2.1169	1.9152
0.17578	1.0286	1.3947	1.3497
0.17969	0.87992	0.41345	0.54261
0.18359	1.1294	0.70012	0.40929
0.1875	1.5519	1.7402	1.3136
0.19141	1.8961	2.5503	2.0502
0.19531	2.0381	2.9842	2.4856
0.19922	1.9306	2.9506	2.5333
0.20313	1.5997	2.4289	2.1657
0.20703	1.1927	1.4761	1.4218
0.21094	1.0932	0.22989	0.41349
0.21484	1.5192	1.1533	0.7644
0.21875	2.0972	2.4226	1.851
0.22266	2.534	3.3785	2.705
0.22656	2.687	3.843	3.1671
0.23047	2.5017	3.705	3.1343
0.23438	2.0214	2.9424	2.5771
0.23828	1.4762	1.6316	1.5501
0.24219	1.4705	0.081639	0.24237
0.24609	2.1877	1.8861	1.3565
0.25	3.0437	3.5612	2.7716
0.25391	3.6694	4.7998	3.8557
0.25781	3.8743	5.3578	4.3951
0.26172	3.5763	5.0756	4.2457
0.26562	2.8313	3.9093	3.3587
0.26953	2.0174	1.9488	1.7998
0.27344	2.2186	0.58473	0.36963
0.27734	3.5714	3.3495	2.5935
0.28125	5.1014	5.9335	4.7721
0.28516	6.2679	7.8927	6.4656
0.28906	6.7405	8.8133	7.3154
0.29297	6.3111	8.3692	7.0306
0.29688	4.9631	6.3717	5.4297
0.30078	3.3366	2.8058	2.4778
0.30469	4.2806	2.1542	1.7814
0.30859	8.2095	8.152	6.9511
0.3125	13.1777	14.6789	12.7244
0.31641	18.406	21.1249	18.5982
0.32031	23.382	26.8439	24.0447
0.32422	27.6648	31.2258	28.5554
0.32813	30.8871	33.7675	31.698
0.33203	32.7845	34.134	33.1659
0.33594	33.221	32.2006	32.8139
0.33984	32.2043	28.073	30.6757
0.34375	29.8866	22.0819	26.9604
0.34766	26.552	14.7581	22.0286
0.35156	22.5926	6.8378	16.3517
0.35547	18.4776	2.4497	10.4586
0.35938	14.7122	9.0617	4.8832
0.36328	11.762	14.9988	0.59926
0.36719	9.8775	19.2002	3.7382
0.37109	8.8744	21.3628	6.1004
0.375	8.225	21.4339	7.1035
0.37891	7.4624	19.5842	6.8486
0.38281	6.4081	16.1746	5.5814
0.38672	5.1653	11.7068	3.6544
0.39063	4.0753	6.7584	1.5497
0.39453	3.6089	1.918	1.2295
0.39844	3.8677	2.3203	2.7896
0.40234	4.3673	5.5082	3.8844
0.40625	4.653	7.4226	4.2608
0.41016	4.532	7.989	3.9213
0.41406	4.0028	7.3068	3.013
0.41797	3.2087	5.6215	1.8528
0.42188	2.451	3.2831	1.2691
0.42578	2.183	0.70079	1.9804
0.42969	2.5278	1.7674	2.8228
0.43359	3.0364	3.7314	3.242
0.4375	3.3446	4.9714	3.1209
0.44141	3.3134	5.3654	2.544
0.44531	2.9439	4.9223	1.8715
0.44922	2.3466	3.7704	1.888
0.45313	1.7655	2.1314	2.6888
0.45703	1.5954	0.29899	3.494
0.46094	1.9341	1.503	3.8344
0.46484	2.385	2.9398	3.4964
0.46875	2.6576	3.848	2.5059
0.47266	2.645	4.1218	1.787
0.47656	2.3489	3.7559	3.4914
0.48047	1.8603	2.84	6.4233
0.48438	1.3873	1.5412	9.6243
0.48828	1.2781	0.12262	12.6528
0.49219	1.5995	1.3448	15.1576
0.49609	1.9974	2.4829	16.8576
0.5	2.2341	3.1934	17.5642
0.50391	2.2235	3.3873	17.1998
0.50781	1.9688	3.0575	15.8057
0.51172	1.5488	2.2761	13.5348
0.51563	1.1487	1.1807	10.6327
0.51953	1.0816	0.10939	7.4102
0.52344	1.3855	1.239	4.2254
0.52734	1.7407	2.1842	1.6433
0.53125	1.9473	2.7634	1.8585
0.53516	1.9342	2.9012	3.3213
0.53906	1.7057	2.5918	4.1712
0.54297	1.3329	1.8974	4.2856
0.54688	0.98552	0.9375	3.757
0.55078	0.9493	0.16562	2.7772
0.55469	1.2377	1.1636	1.6482
0.55859	1.5587	1.9739	1.0748
0.5625	1.7409	2.4597	1.6682
0.56641	1.724	2.5561	2.3852
0.57031	1.5135	2.2592	2.7702
0.57422	1.1752	1.6256	2.7407
0.57813	0.86779	0.76235	2.3354
0.58203	0.85525	0.21732	1.6826
0.58594	1.1302	1.1078	1.0551
0.58984	1.4237	1.8185	1.023
0.59375	1.586	2.2345	1.5245
0.59766	1.5651	2.299	1.9767
0.60156	1.3675	2.0104	2.1726
0.60547	1.0554	1.4213	2.069
0.60938	0.77954	0.63017	1.7056
0.61328	0.7858	0.25916	1.203
0.61719	1.0492	1.0654	0.84174
0.62109	1.3203	1.6999	1.0005
0.625	1.4662	2.0618	1.413
0.62891	1.4415	2.101	1.7276
0.63281	1.2535	1.8178	1.8239
0.63672	0.96188	1.2623	1.6815
0.64063	0.71156	0.52677	1.346
0.64453	0.73318	0.29343	0.94227
0.64844	0.98668	1.033	0.75226
0.65234	1.2392	1.6074	0.98024
0.65625	1.3715	1.9261	1.3245
0.66016	1.3432	1.9445	1.5537
0.66406	1.1625	1.6649	1.5892
0.66797	0.88726	1.1353	1.425
0.67188	0.65813	0.44352	1.1126
0.67578	0.69262	0.32238	0.78529
0.67969	0.93765	1.0083	0.71199
0.68359	1.1747	1.5342	0.96157
0.6875	1.2955	1.8177	1.2532
0.69141	1.2638	1.8186	1.4236
0.69531	1.0888	1.541	1.4182
0.69922	0.82676	1.0316	1.241
0.70313	0.61554	0.37487	0.94945
0.70703	0.66106	0.34767	0.68608
0.71094	0.89887	0.98981	0.69399
0.71484	1.1229	1.4759	0.94535
0.71875	1.2339	1.73	1.1953
0.72266	1.199	1.7159	1.3221
0.72656	1.0283	1.439	1.2871
0.73047	0.77712	0.94542	1.1019
0.73438	0.5813	0.31708	0.82982
0.73828	0.63646	0.37052	0.62243
0.74219	0.86816	0.97656	0.68739
0.74609	1.0811	1.4295	0.93209
0.75	1.1836	1.6588	1.1481
0.75391	1.1458	1.6314	1.2409
0.75781	0.97828	1.3542	1.1832
0.76172	0.73606	0.87275	0.99295
0.76563	0.55364	0.26757	0.73948
0.76953	0.61742	0.39183	0.58224
0.77344	0.84399	0.96785	0.68745
0.77734	1.0475	1.3929	0.92197
0.78125	1.1427	1.6008	1.1094
0.78516	1.102	1.5614	1.1746
0.78906	0.93678	1.2829	1.0988
0.79297	0.70191	0.81069	0.90534
0.79688	0.53134	0.2245	0.67007
0.80078	0.60297	0.41227	0.55831
0.80469	0.82529	0.96324	0.69198
0.80859	1.0208	1.3646	0.91504
0.8125	1.1095	1.5539	1.0781
0.81641	1.066	1.5034	1.12
0.82031	0.9023	1.2227	1.029
0.82422	0.67348	0.75709	0.83353
0.82813	0.51348	0.18656	0.61644
0.83203	0.5924	0.43241	0.54617
0.83594	0.81129	0.96242	0.69995
0.83984	0.99997	1.3435	0.91129
0.84375	1.0829	1.5163	1.0529
0.84766	1.0366	1.4554	1.0746
0.85156	0.87377	1.1716	0.97047
0.85547	0.64986	0.71033	0.77384
0.85938	0.49941	0.15287	0.57526
0.86328	0.58524	0.4527	0.54292
0.86719	0.80146	0.96522	0.71091
0.87109	0.9843	1.3289	0.91073
0.875	1.0621	1.487	1.0332
0.87891	1.0129	1.4161	1.0368
0.88281	0.85037	1.1282	0.92091
0.88672	0.63038	0.66917	0.72376
0.89063	0.48864	0.123	0.54432
0.89453	0.58115	0.47355	0.54673
0.89844	0.7954	0.97156	0.7247
0.90234	0.9733	1.3201	0.91338
0.90625	1.0465	1.465	1.0184
0.91016	0.9944	1.3843	1.0055
0.91406	0.83148	1.0913	0.87861
0.91797	0.61452	0.63262	0.6815
0.92188	0.48084	0.097096	0.52218
0.92578	0.57989	0.49535	0.55643
0.92969	0.79288	0.98148	0.74138
0.93359	0.96663	1.317	0.91931
0.9375	1.0356	1.4496	1.0081
0.94141	0.98052	1.3592	0.97956
0.94531	0.81665	1.0602	0.84233
0.94922	0.60192	0.59987	0.64584
0.95313	0.47577	0.076424	0.50789
0.95703	0.58135	0.51848	0.57134
0.96094	0.79375	0.99506	0.76112
0.96484	0.96407	1.3193	0.92865
0.96875	1.0292	1.4406	1.002
0.97266	0.97096	1.3402	0.95844
0.97656	0.80555	1.0341	0.81111
0.98047	0.59229	0.57029	0.61591
0.98438	0.47327	0.064095	0.50087
0.98828	0.58547	0.54332	0.59117
0.99219	0.79796	1.0125	0.78422
0.99609	0.96551	1.327	0.9416
