x	k=4	k=3	k=2	k=1
0	15.5356	10.3596	17.7205	13.7893
0.01575	9.1708	-1.8533	12.1288	8.577
0.0315	-10.48	-3.2361	-19.5299	-3.1967
0.04725	-13.3047	-6.7248	-6.5008	-14.8793
0.063	4.1801	-7.2087	-9.3541	-21.0439
0.07875	14.3531	-5.3396	-3.93	-3.8642
0.0945	23.5184	14.8083	13.3096	3.3086
0.11025	26.4283	26.3177	25.1054	17.6555
0.126	22.1331	26.2678	24.1822	24.6682
0.14175	10.3501	17.3754	8.9943	25.3809
0.1575	3.3009	-15.1681	6.9485	17.9463
0.17325	6.1975	-1.2707	6.0201	9.2912
0.189	10.6898	-9.2512	7.7441	15.9976
0.20475	15.4588	1.3887	5.3069	17.2497
0.2205	16.4335	16.7932	16.8748	13.6585
0.23625	12.9653	24.2944	12.6972	16.1637
0.252	6.04	22.4173	11.8542	22.3895
0.26775	4.3077	10.4813	15.756	24.7644
0.2835	3.2544	1.4931	6.5273	23.1404
0.29925	7.8142	-0.060907	-4.7759	15.8604
0.315	13.5776	-0.89617	6.3468	14.0935
0.33075	17.3152	9.559	8.8775	16.9664
0.3465	13.3261	23.4067	13.6639	16.7248
0.36225	13.6734	26.7945	15.4813	18.8156
0.378	11.4763	22.4856	16.9531	23.6615
0.39375	-7.5755	7.9528	8.7978	24.3369
0.4095	9.9607	5.084	16.6275	22.2977
0.42525	11.56	5.2912	9.6158	16.8789
0.441	12.0465	3.2475	-0.21678	1.917
0.45675	11.0278	-3.6422	-16.1893	5.9539
0.4725	7.5531	10.5632	-7.5955	9.5038
0.48825	3.3489	8.8122	-2.0624	7.022
0.504	0.2013	-10.3858	-4.8073	3.2937
0.51975	-4.3233	-13.8333	-6.4234	-1.4644
0.5355	-4.1016	-10.6886	-4.6845	-0.45061
0.55125	-12.4764	-6.0568	-2.7265	-1.771
0.567	-4.3807	-13.1861	-8.6212	-10.8015
0.58275	-1.6508	1.0785	-6.5152	-15.4687
0.5985	-10.8557	4.8433	-7.8032	-10.7343
0.61425	-15.2392	1.1173	-12.7884	-12.5874
0.63	-11.0117	-10.8604	-13.2245	-14.4419
0.64575	-14.6577	-13.7066	-8.9357	-0.88798
0.6615	-12.9372	-12.7632	-13.3707	0.32469
0.67725	-12.3575	-12.686	-16.7934	-5.6924
0.693	-17.3412	-18.3104	-21.2476	-12.7645
0.70875	-11.3506	-8.5938	-19.4058	-8.9632
0.7245	-10.4071	-4.5472	-20.9619	-11.526
0.74025	-13.2059	-10.0703	-30.6866	-13.4185
0.756	-11.4552	-12.3854	-22.5037	-17.2855
0.77175	-15.6068	-10.5466	-22.0513	-14.9023
0.7875	-12.1042	-11.2469	-17.3349	-22.0358
0.80325	-12.0836	-26.0782	-17.1395	-16.3754
0.819	-30.7643	-9.3972	-18.2973	-14.3584
0.83475	-16.7934	-5.3483	-17.1881	-18.8732
0.8505	-11.8285	-8.1562	-18.7786	-19.7076
0.86625	-19.8871	-18.9688	-23.7681	-21.9177
0.882	-17.9976	-18.2758	-21.4748	-23.254
0.89775	-7.871	-14.564	-23.0922	-14.1084
0.9135	-6.3268	-13.642	-23.7384	-12.4995
0.92925	-10.7672	-12.9053	-27.011	-12.5141
0.945	-20.6662	-12.0924	-21.2233	-13.37
0.96075	-29.7684	-6.8826	-19.4439	-24.6891
0.9765	-23.8844	-8.3623	-19.1316	-17.5437
0.99225	-14.3991	-19.4186	-20.9674	-15.1216
1.008	-13.2642	-14.8511	-23.3318	-19.0334
1.0238	-12.854	-18.212	-24.5021	-36.3971
1.0395	-13.9305	-15.8156	-19.7914	-24.8387
1.0553	-17.753	-18.3954	-22.1399	-19.5588
1.071	-17.443	-9.2593	-21.7595	-13.5017
1.0867	-15.4718	-10.2655	-16.2792	-12.5155
1.1025	-19.8789	-22.5482	-23.148	-16.784
1.1182	-16.9052	-24.5537	-40.2379	-22.9904
1.134	-28.1499	-20.6577	-23.5661	-27.9605
1.1497	-16.0664	-18.7753	-16.4686	-18.2838
1.1655	-21.5213	-14.4479	-18.5452	-22.0449
1.1813	-18.598	-7.1376	-21.6942	-12.6635
1.197	-21.728	-5.8346	-22.0264	-14.2119
1.2128	-14.9248	-12.1159	-18.0409	-21.6026
1.2285	-12.0789	-18.0745	-19.7115	-23.4674
1.2442	-17.9073	-28.1871	-16.0025	-16.7681
1.26	-15.1065	-23.3717	-13.5508	-10.8578
1.2757	-13.7895	-28.1394	-11.0942	-8.3987
1.2915	-10.3546	-11.9357	-15.7446	-15.3438
1.3073	-11.3615	-3.7636	-15.7432	-10.181
1.323	-2.9048	-3.9812	-8.301	-4.6294
1.3387	-1.6796	-9.6704	-10.9377	-6.736
1.3545	-5.5809	-16.5028	-7.4161	-8.7038
1.3703	-13.694	-14.0221	-7.6402	-7.6938
1.386	-6.0837	-5.234	-8.0039	-4.8849
1.4018	-2.1919	-3.3512	-5.8675	-2.5231
1.4175	-0.60891	-5.3753	-9.1467	-4.4672
1.4333	1.2067	0.89934	-12.1867	-10.0276
1.449	2.9231	0.1241	-13.6476	-11.0919
1.4647	0.58116	2.4718	-17.5096	-7.8727
1.4805	-6.7505	3.0344	-15.3471	-6.7669
1.4962	-1.3655	0.19073	-12.8629	-8.9985
1.512	4.6381	-1.8458	-11.9958	-11.3444
1.5278	-3.4993	-3.8062	-12.1544	-7.4829
1.5435	2.2699	3.6819	-14.2457	-11.9734
1.5592	1.1744	5.8373	-23.8087	-26.0334
1.575	-11.556	2.7468	-29.8926	-17.2984
1.5907	-0.50307	-5.4631	-29.7806	-13.2523
1.6065	1.4575	-28.5654	-18.1841	-10.9006
1.6223	2.5049	-28.6019	-21.0711	-10.2868
1.638	-1.4736	-4.7186	-24.0716	-10.7927
1.6537	-19.0313	-4.3563	-24.5526	-12.1028
1.6695	-2.3887	-4.6143	-27.633	-15.2513
1.6852	-6.15	-3.3325	-26.7117	-20.7642
1.701	-21.1543	-10.4137	-35.1097	-27.8859
1.7168	-7.673	-12.6531	-33.0778	-35.629
1.7325	-20.0569	-6.6156	-43.3469	-24.0363
1.7482	-14.9249	-6.1948	-31.6968	-22.7377
1.764	-12.4475	-8.574	-28.8589	-38.0521
1.7797	-6.6948	-6.2198	-29.0243	-30.7979
1.7955	-6.7301	-6.395	-30.1924	-26.0478
1.8113	-23.8278	-6.4466	-35.6837	-21.3354
1.827	-4.7549	-19.4098	-32.9478	-24.0388
1.8427	-2.8903	-8.0345	-31.7617	-20.0689
1.8585	-6.8552	-18.6161	-39.6164	-28.9817
1.8743	-8.3506	-7.3262	-32.6626	-20.8856
1.89	-13.233	-6.0807	-27.0878	-21.7479
1.9057	-3.6718	-15.6299	-32.3239	-19.9012
1.9215	-4.4417	-3.3759	-36.5817	-16.5734
1.9372	-11.0972	-4.743	-28.2626	-18.0824
1.953	-8.5731	-8.9284	-28.2021	-23.2031
1.9688	-32.8745	-4.7872	-29.8805	-25.2112
1.9845	-5.5742	-5.0938	-30.2207	-24.6795
2.0002	0.071417	-10.5115	-26.7709	-32.6614
2.016	0.40965	-7.3688	-22.7958	-24.0066
2.0317	-5.5018	-4.2883	-22.7036	-23.2482
2.0475	-11.0626	-13.5695	-26.9041	-29.0313
2.0633	-8.3375	-11.4749	-32.2401	-28.6547
2.079	-11.8591	-9.1348	-24.8046	-22.4236
2.0947	-13.5339	-6.1134	-26.8079	-23.5007
2.1105	-2.6238	-9.3697	-26.6848	-20.6538
2.1263	-3.0152	-35.4618	-26.7235	-25.1204
2.142	-7.4883	-10.0433	-31.2571	-28.1195
2.1578	-10.8451	-11.7429	-26.5625	-18.1058
2.1735	-13.1542	-10.8396	-26.7303	-14.2593
2.1892	-10.6269	-6.0228	-26.1511	-14.8565
2.205	-9.5371	-11.7232	-36.9203	-21.0546
2.2207	-7.3487	-12.1426	-39.991	-25.8951
2.2365	-5.6987	-13.1386	-23.2106	-20.6112
2.2523	-14.6228	-13.0287	-23.7986	-16.8919
2.268	-8.9094	-17.9723	-31.6574	-23.2653
2.2837	-7.0393	-8.5477	-39.3013	-16.8326
2.2995	-7.8193	-11.4671	-29.5105	-13.314
2.3152	-6.3898	-39.8117	-20.3838	-13.7993
2.331	-9.2883	-24.2682	-16.4895	-14.0995
2.3468	-8.2185	-31.8264	-14.9054	-8.2257
2.3625	-6.859	-13.4605	-15.9659	-8.4957
2.3783	-11.3645	-9.334	-18.183	-12.3112
2.394	-7.0508	-19.7709	-20.1358	-16.6555
2.4097	-5.7627	-10.5499	-25.2369	-14.1954
2.4255	-12.6878	-8.0337	-29.2362	-13.2389
2.4413	-16.4304	-11.196	-30.0794	-15.0395
2.457	-9.4205	-8.5867	-28.6397	-17.9488
2.4728	-9.2918	-14.3493	-21.842	-23.4163
2.4885	-14.8488	-12.5164	-18.2187	-17.3714
2.5042	-13.034	-10.0212	-20.2399	-16.8494
2.52	-12.4476	-14.4566	-22.0576	-28.9763
2.5357	-19.356	-11.1799	-19.0079	-22.7561
2.5515	-13.5292	-14.8071	-17.9504	-26.3428
2.5673	-15.8924	-18.8049	-18.2551	-27.1804
2.583	-9.6762	-11.3361	-20.9445	-19.0896
2.5987	-15.0271	-13.7256	-23.5033	-19.0465
2.6145	-20.5245	-16.262	-23.6408	-19.5843
2.6302	-14.0452	-15.5477	-23.3352	-21.5197
2.646	-18.5476	-12.3417	-21.4329	-20.1508
2.6618	-14.2526	-24.7659	-19.7105	-23.1844
2.6775	-9.2089	-12.2094	-23.1839	-25.0064
2.6932	-8.13	-17.0607	-21.2964	-27.6019
2.709	-10.8286	-14.0678	-22.4659	-30.6656
2.7248	-12.7705	-9.6689	-21.2587	-48.9241
2.7405	-10.217	-11.1647	-19.9464	-23.1431
2.7562	-11.2983	-16.1292	-19.9693	-22.8624
2.772	-11.8455	-18.1618	-22.9178	-33.1375
2.7878	-7.8538	-18.5942	-24.9306	-26.9842
2.8035	-6.9333	-22.4947	-24.4916	-29.6885
2.8193	-11.3005	-18.5184	-23.3378	-30.0498
2.835	-17.1967	-14.1534	-23.9209	-31.3508
2.8507	-9.2274	-13.4347	-25.3948	-41.4841
2.8665	-9.1327	-16.3131	-26.1395	-27.3438
2.8823	-10.3606	-29.4505	-32.6749	-24.6364
2.898	-10.1309	-29.483	-29.122	-30.4954
2.9137	-9.2363	-28.6223	-26.7105	-28.9009
2.9295	-13.3031	-19.0433	-23.7796	-31.3193
2.9452	-15.9055	-18.6855	-25.1431	-34.2947
2.961	-14.4123	-19.0077	-24.908	-38.6933
2.9768	-11.482	-18.7995	-25.2333	-35.9016
2.9925	-12.765	-16.8575	-29.3201	-41.2164
3.0082	-12.0341	-17.5992	-30.1959	-32.1292
3.024	-8.9886	-22.3751	-32.9785	-30.0143
3.0398	-10.1034	-24.2848	-31.5549	-33.2482
3.0555	-13.3665	-21.579	-27.3961	-44.0609
3.0712	-13.9505	-29.6345	-27.4082	-33.7503
3.087	-19.7978	-20.1856	-27.4621	-34.2199
3.1027	-23.4895	-14.1277	-28.4478	-36.4623
3.1185	-14.7134	-12.3195	-28.8893	-32.1489
3.1343	-11.039	-13.6069	-30.0518	-32.7443
3.15	-5.6288	-21.2464	-32.975	-28.2775
3.1657	-3.7429	-20.9993	-54.7847	-36.8536
3.1815	-4.5516	-23.1841	-33.7606	-35.4455
3.1972	-6.8084	-15.8628	-35.3764	-26.9512
3.213	-3.6535	-11.5277	-34.9378	-39.0082
3.2287	-5.8164	-15.6071	-28.013	-37.7076
3.2445	-7.3415	-22.8251	-28.5268	-29.9818
3.2602	2.916	-20.0173	-26.8987	-38.2179
3.276	5.3241	-14.1581	-27.5003	-33.3869
3.2918	0.88499	-11.3687	-30.2718	-36.5851
3.3075	-1.5777	-13.7639	-30.0179	-29.2619
3.3232	-2.1517	-24.5291	-31.3073	-38.762
3.339	2.0774	-12.7357	-29.2249	-45.6464
3.3547	1.6773	-8.4831	-24.5474	-33.1423
3.3705	-0.49202	-11.1612	-24.7924	-27.6505
3.3863	-3.5117	-11.4528	-22.1986	-30.5956
3.402	4.0048	-17.561	-20.4179	-31.5494
3.4177	5.616	-11.9875	-21.2429	-21.8662
3.4335	6.4229	-12.7111	-22.9572	-21.512
3.4492	6.8241	-12.032	-22.1996	-21.6358
3.465	0.28886	-7.6991	-24.993	-19.0569
3.4808	-0.20149	-8.0872	-26.777	-30.0675
3.4965	7.3577	-15.2495	-30.3601	-21.7786
3.5122	10.0907	-17.4264	-28.7844	-20.2333
3.528	9.9134	-20.9968	-32.8944	-19.1555
3.5438	9.7473	-17.17	-24.7782	-15.1501
3.5595	8.5966	-9.7811	-19.6834	-13.2777
3.5752	5.4666	-8.1164	-22.3603	-12.0327
3.591	5.3146	-9.3977	-24.9277	-20.7107
3.6067	1.8595	-6.9416	-22.4471	-20.7321
3.6225	5.476	-11.96	-24.0603	-28.3245
3.6383	9.5943	-11.8269	-29.7462	-31.374
3.654	11.0144	-12.7954	-29.2445	-23.9067
3.6698	10.8713	-9.3722	-35.0866	-24.5976
3.6855	10.2511	-11.2975	-27.4864	-21.8225
3.7012	6.63	-14.1575	-26.2103	-29.2046
3.717	1.2256	-14.2847	-23.9469	-33.6781
3.7327	2.5857	-14.6831	-27.7489	-25.6361
3.7485	3.7562	-12.8061	-26.5783	-26.0272
3.7642	4.3596	-10.803	-27.118	-36.314
3.78	7.0011	-12.3728	-25.018	-28.5726
3.7957	6.8732	-14.5073	-32.7264	-26.8254
3.8115	3.6673	-10.3632	-33.6287	-26.5512
3.8273	3.8717	-7.4837	-35.6885	-41.9838
3.843	3.3409	-4.6915	-36.1936	-27.1581
3.8588	3.3483	-4.8386	-32.7519	-35.2346
3.8745	2.6946	-7.0208	-28.0147	-35.5865
3.8902	3.373	-14.2567	-24.4843	-31.5059
3.906	0.38423	-15.5869	-23.4532	-30.7058
3.9217	-1.2012	-10.3836	-22.946	-40.5534
3.9375	-2.6643	-5.73	-21.059	-40.2242
3.9532	0.96987	-6.731	-22.8917	-55.7483
3.969	4.1673	-12.5676	-21.6763	-37.1866
3.9848	-0.24842	-13.5785	-21.3791	-37.8444
4.0005	4.2987	-15.2239	-23.1119	-33.5257
4.0163	6.8857	-26.9938	-23.2362	-28.3583
4.032	2.6996	-8.9411	-21.3592	-40.651
4.0477	-4.7602	-3.6093	-22.2737	-37.4803
4.0635	1.9032	-4.0592	-24.2862	-28.9897
4.0793	3.3555	-10.3451	-26.4694	-28.6672
4.095	-1.1867	-15.7627	-27.0468	-25.825
4.1107	1.5388	-12.538	-23.9726	-23.0169
4.1265	5.1304	-7.5144	-22.2036	-28.136
4.1422	7.5304	-7.3303	-23.6248	-31.7242
4.158	8.009	-2.7251	-21.559	-28.2759
4.1738	2.9366	-3.2967	-21.1201	-26.0478
4.1895	-2.531	-7.036	-22.8345	-25.6565
4.2052	-5.8335	-11.4392	-26.268	-20.2371
4.221	-4.9559	-10.3094	-26.556	-17.7296
4.2367	-9.9257	-7.0137	-28.0889	-17.5949
4.2525	-3.35	-10.4822	-30.3069	-23.3826
4.2683	5.3524	-10.1817	-29.2467	-24.5416
4.284	6.8628	-7.1509	-29.293	-19.5276
4.2997	2.7992	-9.0526	-26.1087	-20.8763
4.3155	-17.923	-12.9679	-26.5066	-23.4764
4.3312	-7.3497	-12.7034	-26.9503	-14.7118
4.347	-7.8735	-8.3906	-24.8092	-12.6627
4.3627	-5.5323	-11.2238	-21.9618	-12.3612
4.3785	1.6589	-17.5881	-21.3569	-12.9312
4.3942	2.0808	-11.6279	-23.2017	-11.4063
4.41	-1.1947	-13.0365	-23.8474	-9.6228
4.4257	3.7114	-13.268	-23.1812	-15.0529
4.4415	1.6701	-10.0193	-25.4539	-22.9768
4.4573	-3.126	-9.8051	-29.5306	-24.1868
4.473	-3.5289	-16.028	-26.4864	-18.5013
4.4887	-7.2104	-25.1971	-28.7013	-11.8826
4.5045	-7.6808	-13.3934	-30.2866	-9.4816
4.5202	1.6741	-13.281	-27.7878	-10.3722
4.536	2.0252	-26.4711	-27.754	-13.7922
4.5517	-7.8633	-11.4447	-25.4769	-28.3373
4.5675	-5.5516	-9.7222	-20.7613	-17.2545
4.5833	-1.6649	-12.9335	-22.1552	-18.6268
4.599	0.088014	-13.4816	-24.9035	-21.2291
4.6147	-2.8847	-12.2635	-25.3178	-17.3855
4.6305	-9.801	-13.1105	-28.2568	-16.3324
4.6463	-11.2166	-28.9152	-24.9219	-20.0505
4.662	-12.8576	-17.579	-26.2161	-18.3997
4.6777	-12.5364	-16.9307	-30.0035	-13.2295
4.6935	-8.7777	-26.7532	-35.1873	-14.0993
4.7092	-10.9764	-26.2787	-35.518	-19.9573
4.725	-25.1819	-22.5448	-30.6723	-28.2895
4.7407	-23.4719	-21.2973	-28.3586	-23.7634
4.7565	-24.3671	-26.1535	-31.0631	-22.3042
4.7723	-21.8768	-30.2191	-32.7872	-17.2043
4.788	-23.4787	-28.1951	-37.8151	-22.3163
4.8038	-28.4851	-31.3417	-47.9074	-29.2825
4.8195	-24.053	-29.8018	-64.5243	-26.9659
4.8352	-31.4196	-35.0616	-53.8513	-30.3915
4.851	-33.4295	-38.5665	-56.6412	-35.9135
4.8667	-30.7657	-34.4058	-46.3625	-37.0437
4.8825	-22.2303	-31.5594	-42.4653	-31.6825
4.8983	-22.2825	-32.9075	-41.8259	-30.8275
4.914	-34.4562	-33.6046	-43.6398	-35.1427
4.9298	-31.5299	-39.5203	-51.4526	-36.2733
4.9455	-43.0543	-44.3256	-56.9601	-34.3332
4.9613	-34.3535	-41.8544	-49.586	-40.6005
4.977	-28.6782	-44.4677	-48.4718	-44.4831
4.9928	-28.8743	-48.8159	-53.0642	-43.6379
5.0085	-36.212	-55.843	-58.553	-50.8737
5.0242	-53.1443	-64.2442	-69.6691	-43.3473
5.04	-54.5602	-45.9244	-51.7524	-39.8893
5.0557	-45.5444	-44.2839	-53.6528	-48.1729
5.0715	-53.8934	-46.4979	-53.3601	-48.2414
5.0873	-47.0227	-52.5533	-54.7554	-65.6925
5.103	-41.6135	-52.5217	-53.3986	-48.198
5.1187	-44.3247	-55.7304	-53.5367	-51.0283
5.1345	-45.5059	-54.4399	-55.9464	-54.7395
5.1502	-47.8626	-65.0238	-55.337	-54.5582
5.166	-61.8949	-52.1522	-54.8508	-51.4568
5.1818	-49.6896	-60.4874	-56.0515	-57.5628
5.1975	-44.2695	-54.3808	-55.4789	-53.8686
5.2132	-56.7672	-61.8847	-54.4536	-53.4971
5.229	-49.0711	-55.4857	-54.3967	-53.8435
5.2447	-64.3298	-58.6248	-55.2733	-53.9023
5.2605	-58.377	-55.7261	-55.2489	-54.7315
5.2763	-53.3557	-60.5398	-55.3591	-53.9377
5.292	-61.6786	-55.4441	-54.7042	-53.7938
5.3077	-52.694	-58.2561	-54.6946	-55.1158
5.3235	-57.7426	-57.5219	-55.3069	-53.8873
5.3392	-59.4757	-57.684	-55.0049	-53.8436
5.355	-65.6383	-56.6405	-54.8816	-54.3749
5.3708	-54.7286	-59.6944	-54.827	-54.398
5.3865	-59.3033	-55.727	-55.088	-54.5649
5.4023	-58.7046	-59.4743	-55.169	-53.6567
5.418	-63.366	-56.8661	-54.9202	-54.4745
5.4337	-58.4909	-57.7907	-54.9163	-54.2693
5.4495	-58.8945	-57.6562	-55.0376	-54.2331
5.4653	-60.2405	-57.8776	-54.9855	-54.1455
5.481	-59.2584	-57.2079	-54.92	-54.3559
5.4968	-63.2145	-58.2845	-54.9246	-54.2228
5.5125	-55.566	-57.0151	-55.0648	-54.0038
