	0	0.018229
	0.090703	0.013575
	0.18141	0.015321
	0.27211	0.0096201
	0.36281	0.013609
	0.45351	0.022623
	0.54422	0.01634
	0.63492	0.015892
	0.72562	0.015985
	0.81633	0.0055469
	0.90703	0.0057865
	0.99773	0.010866
	1.0884	-0.00079461
	1.1791	-0.0035787
	1.2698	-0.002866
	1.3605	-0.012735
	1.4512	-0.0065369
	1.542	-0.0059874
	1.6327	-0.0062943
	1.7234	0.0077049
	1.8141	0.012925
	1.9048	0.010398
	1.9955	0.0059583
	2.0862	-0.0010605
	2.1769	-0.0060113
	2.2676	0.0017546
	2.3583	0.0019537
	2.449	0.0043981
	2.5397	0.0074641
	2.6304	-0.004283
	2.7211	0.003181
	2.8118	-0.00041364
	2.9025	0.00055256
	2.9932	0.011271
	3.0839	0.0042895
	3.1746	0.012583
	3.2653	0.0088128
	3.356	0.010348
	3.4467	0.013359
	3.5374	0.0060617
	3.6281	0.018117
	3.7188	0.015824
	3.8095	0.019956
	3.9002	0.024922
	3.9909	0.020897
	4.0816	0.024182
	4.1723	0.018867
	4.263	0.023247
	4.3537	0.023262
	4.4444	0.023799
	4.5351	0.032564
	4.6259	0.028816
	4.7166	0.031193
	4.8073	0.036967
	4.898	0.033413
	4.9887	0.032485
	5.0794	0.032682
	5.1701	0.028512
	5.2608	0.031192
	5.3515	0.03356
	5.4422	0.03128
	5.5329	0.03481
	5.6236	0.037149
	5.7143	0.03295
	5.805	0.033046
	5.8957	0.037575
	5.9864	0.034368
	6.0771	0.034915
	6.1678	0.03628
	6.2585	0.030486
	6.3492	0.033371
	6.4399	0.036829
	6.5306	0.032866
	6.6213	0.033401
	6.712	0.035468
	6.8027	0.031003
	6.8934	0.030274
	6.9841	0.032459
	7.0748	0.028968
	7.1655	0.028896
	7.2562	0.032381
	7.3469	0.02974
	7.4376	0.031547
	7.5283	0.038402
	7.619	0.029636
	7.7098	0.028314
	7.8005	0.034098
	7.8912	0.024592
	7.9819	0.02605
	8.0726	0.028456
	8.1633	0.02385
	8.254	0.025433
	8.3447	0.02226
	8.4354	0.019167
	8.5261	0.020268
	8.6168	0.016704
	8.7075	0.013372
	8.7982	0.01514
	8.8889	0.010478
	8.9796	0.0087799
	9.0703	0.011213
	9.161	0.0093364
	9.2517	0.0099354
	9.3424	0.006527
	9.4331	0.0075926
	9.5238	0.0047011
	9.6145	-0.0024199
	9.7052	0.0038473
	9.7959	0.0024935
	9.8866	-0.0002474
	9.9773	0.0066361
	10.068	0.0066841
	10.1587	0.0017944
	10.2494	0.0087995
	10.3401	0.013928
	10.4308	0.004474
	10.5215	0.008691
	10.6122	0.012217
	10.7029	0.0077252
	10.7937	0.012926
	10.8844	0.01164
	10.9751	0.010304
	11.0658	0.014159
	11.1565	0.013008
	11.2472	0.011073
	11.3379	0.016197
	11.4286	0.018549
	11.5193	0.014468
	11.61	0.017143
	11.7007	0.017879
	11.7914	0.014012
	11.8821	0.01723
	11.9728	0.017983
	12.0635	0.015079
	12.1542	0.018934
	12.2449	0.017301
	12.3356	0.01576
	12.4263	0.015762
	12.517	0.016781
	12.6077	0.019571
	12.6984	0.012115
	12.7891	0.021695
	12.8798	0.022221
	12.9705	0.013338
	13.0612	0.022722
	13.1519	0.016675
	13.2426	0.017886
	13.3333	0.018614
	13.424	0.013718
	13.5147	0.015837
	13.6054	0.010921
	13.6961	0.015859
	13.7868	0.015084
	13.8776	0.014119
	13.9683	0.019361
	14.059	0.014778
	14.1497	0.015891
	14.2404	0.021195
	14.3311	0.017734
	14.4218	0.016276
	14.5125	0.023664
	14.6032	0.024041
	14.6939	0.027381
	14.7846	0.033278
	14.8753	0.031391
	14.966	0.036577
	15.0567	0.040576
	15.1474	0.036299
	15.2381	0.035677
	15.3288	0.040451
	15.4195	0.038314
	15.5102	0.038313
	15.6009	0.041419
	15.6916	0.036267
	15.7823	0.037855
	15.873	0.037663
	15.9637	0.032297
	16.0544	0.03241
	16.1451	0.033723
	16.2358	0.031665
	16.3265	0.027365
	16.4172	0.029108
	16.5079	0.02453
	16.5986	0.018424
	16.6893	0.024067
	16.78	0.019822
	16.8707	0.012686
	16.9615	0.013053
	17.0522	0.0069048
	17.1429	0.0054774
	17.2336	0.0079988
	17.3243	0.0038735
	17.415	0.00047571
	17.5057	0.0046486
	17.5964	0.005283
	17.6871	-0.006294
	17.7778	-0.0038716
	17.8685	0.00093361
	17.9592	-0.004827
	18.0499	-0.0011971
	18.1406	-0.0002305
	18.2313	-0.00017031
	18.322	0.0017086
	18.4127	0.0023057
	18.5034	-0.0029871
	18.5941	-0.0044917
	18.6848	0.0058451
	18.7755	-0.0026055
	18.8662	-0.0031582
	18.9569	0.0049042
	19.0476	-0.00012754
	19.1383	0.0034594
	19.229	0.0045503
	19.3197	0.0058709
	19.4104	0.0089127
	19.5011	0.016372
	19.5918	0.01796
	19.6825	0.012918
	19.7732	0.026375
	19.8639	0.027897
	19.9546	0.023469
	20.0454	0.032372
	20.1361	0.032251
	20.2268	0.0321
	20.3175	0.040027
	20.4082	0.042126
	20.4989	0.040859
	20.5896	0.045272
	20.6803	0.048865
	20.771	0.044906
	20.8617	0.045707
	20.9524	0.052058
	21.0431	0.046272
	21.1338	0.051368
	21.2245	0.05708
	21.3152	0.045323
	21.4059	0.055216
	21.4966	0.065675
	21.5873	0.062954
	21.678	0.060051
	21.7687	0.062525
	21.8594	0.066783
	21.9501	0.059957
	22.0408	0.066245
	22.1315	0.054868
	22.2222	0.046769
	22.3129	0.055435
	22.4036	0.035254
	22.4943	0.031841
	22.585	0.032531
	22.6757	0.019148
	22.7664	0.0099806
	22.8571	0.00094327
	22.9478	-0.0069863
	23.0385	-0.01822
	23.1293	-0.018836
	23.22	-0.026452
	23.3107	-0.044188
	23.4014	-0.045787
	23.4921	-0.052899
	23.5828	-0.068552
	23.6735	-0.068137
	23.7642	-0.077495
	23.8549	-0.086815
	23.9456	-0.080949
	24.0363	-0.085735
	24.127	-0.088746
	24.2177	-0.091447
	24.3084	-0.086554
	24.3991	-0.087737
	24.4898	-0.093342
	24.5805	-0.08375
	24.6712	-0.087662
	24.7619	-0.07432
	24.8526	-0.062698
	24.9433	-0.064695
	25.034	-0.047957
	25.1247	-0.04264
	25.2154	-0.02684
	25.3061	-0.0089762
	25.3968	0.0072186
	25.4875	0.027917
	25.5782	0.036742
	25.6689	0.075314
	25.7596	0.10644
	25.8503	0.12861
	25.941	0.15805
	26.0317	0.1646
	26.1224	0.18419
	26.2132	0.1971
	26.3039	0.20081
	26.3946	0.20587
	26.4853	0.20263
	26.576	0.2082
	26.6667	0.19458
	26.7574	0.17526
	26.8481	0.16001
	26.9388	0.13702
	27.0295	0.1268
	27.1202	0.10667
	27.2109	0.080413
	27.3016	0.06823
	27.3923	0.052908
	27.483	0.040407
	27.5737	0.030633
	27.6644	0.027365
	27.7551	0.035254
	27.8458	0.039117
	27.9365	0.045741
	28.0272	0.046543
	28.1179	0.050261
	28.2086	0.06374
	28.2993	0.065039
	28.39	0.074176
	28.4807	0.084525
	28.5714	0.088206
	28.6621	0.091434
	28.7528	0.082844
	28.8435	0.073138
	28.9342	0.060281
	29.0249	0.049412
	29.1156	0.033399
	29.2063	0.011295
	29.2971	-0.0073982
	29.3878	-0.035379
	29.4785	-0.06034
	29.5692	-0.089506
	29.6599	-0.11512
	29.7506	-0.13418
	29.8413	-0.15382
	29.932	-0.16661
	30.0227	-0.19164
	30.1134	-0.20592
	30.2041	-0.22009
	30.2948	-0.226
	30.3855	-0.21761
	30.4762	-0.22606
	30.5669	-0.21693
	30.6576	-0.22478
	30.7483	-0.22755
	30.839	-0.22534
	30.9297	-0.23284
	31.0204	-0.20112
	31.1111	-0.19553
	31.2018	-0.16992
	31.2925	-0.13446
	31.3832	-0.11996
	31.4739	-0.080206
	31.5646	-0.05715
	31.6553	-0.011732
	31.746	0.04804
	31.8367	0.11596
	31.9274	0.17663
	32.0181	0.20093
	32.1088	0.2359
	32.1995	0.26239
	32.2902	0.2815
	32.381	0.30463
	32.4717	0.31836
	32.5624	0.31718
	32.6531	0.31482
	32.7438	0.29066
	32.8345	0.23376
	32.9252	0.19027
	33.0159	0.14684
	33.1066	0.1082
	33.1973	0.073455
	33.288	0.026938
	33.3787	-0.016071
	33.4694	-0.062869
	33.5601	-0.1036
	33.6508	-0.14442
	33.7415	-0.17364
	33.8322	-0.16812
	33.9229	-0.15956
	34.0136	-0.1447
	34.1043	-0.12351
	34.195	-0.11333
	34.2857	-0.086236
	34.3764	-0.050726
	34.4671	-0.012995
	34.5578	0.039243
	34.6485	0.086222
	34.7392	0.14117
	34.8299	0.1793
	34.9206	0.20473
	35.0113	0.24933
	35.102	0.26678
	35.1927	0.28828
	35.2834	0.29601
	35.3741	0.28733
	35.4649	0.29564
	35.5556	0.26715
	35.6463	0.24974
	35.737	0.21424
	35.8277	0.17779
	35.9184	0.17062
	36.0091	0.12672
	36.0998	0.099825
	36.1905	0.05217
	36.2812	0.014386
	36.3719	-0.0026327
	36.4626	-0.044893
	36.5533	-0.053555
	36.644	-0.073694
	36.7347	-0.075591
	36.8254	-0.072237
	36.9161	-0.095017
	37.0068	-0.095202
	37.0975	-0.1039
	37.1882	-0.094623
	37.2789	-0.088608
	37.3696	-0.098777
	37.4603	-0.095635
	37.551	-0.11011
	37.6417	-0.1158
	37.7324	-0.13004
	37.8231	-0.15434
	37.9138	-0.15552
	38.0045	-0.17402
	38.0952	-0.18598
	38.1859	-0.20564
	38.2766	-0.24236
	38.3673	-0.25314
	38.458	-0.27897
	38.5488	-0.28579
	38.6395	-0.28896
	38.7302	-0.31282
	38.8209	-0.29932
	38.9116	-0.29073
	39.0023	-0.27308
	39.093	-0.24597
	39.1837	-0.22103
	39.2744	-0.16798
	39.3651	-0.12749
	39.4558	-0.072319
	39.5465	-0.0039543
	39.6372	0.068148
	39.7279	0.16024
	39.8186	0.20428
	39.9093	0.23344
	40	0.27879
	40.0907	0.30837
	40.1814	0.34158
	40.2721	0.36076
	40.3628	0.35924
	40.4535	0.35277
	40.5442	0.32991
	40.6349	0.28172
	40.7256	0.21949
	40.8163	0.16523
	40.907	0.12323
	40.9977	0.079294
	41.0884	0.030012
	41.1791	-0.020677
	41.2698	-0.077168
	41.3605	-0.1171
	41.4512	-0.14517
	41.542	-0.17108
	41.6327	-0.1671
	41.7234	-0.15141
	41.8141	-0.1251
	41.9048	-0.097443
	41.9955	-0.077437
	42.0862	-0.039526
	42.1769	0.0011556
	42.2676	0.077766
	42.3583	0.15305
	42.449	0.20131
	42.5397	0.27543
	42.6304	0.33691
	42.7211	0.4079
	42.8118	0.43943
	42.9025	0.43013
	42.9932	0.43491
	43.0839	0.41277
	43.1746	0.41058
	43.2653	0.36531
	43.356	0.305
	43.4467	0.25832
	43.5374	0.17139
	43.6281	0.10196
	43.7188	0.0071724
	43.8095	-0.060155
	43.9002	-0.10007
	43.9909	-0.14571
	44.0816	-0.1727
	44.1723	-0.22893
	44.263	-0.25697
	44.3537	-0.27255
	44.4444	-0.28591
	44.5351	-0.26859
	44.6259	-0.25442
	44.7166	-0.22209
	44.8073	-0.19292
	44.898	-0.1856
	44.9887	-0.17378
	45.0794	-0.16476
	45.1701	-0.13866
	45.2608	-0.11067
	45.3515	-0.12183
	45.4422	-0.11594
	45.5329	-0.13961
	45.6236	-0.18126
	45.7143	-0.19734
	45.805	-0.25445
	45.8957	-0.26904
	45.9864	-0.29384
	46.0771	-0.3061
	46.1678	-0.29938
	46.2585	-0.34984
	46.3492	-0.34507
	46.4399	-0.36298
	46.5306	-0.33136
	46.6213	-0.27117
	46.712	-0.25379
	46.8027	-0.17095
	46.8934	-0.075923
	46.9841	0.050573
	47.0748	0.13513
	47.1655	0.19129
	47.2562	0.25526
	47.3469	0.31733
	47.4376	0.41506
	47.5283	0.46464
	47.619	0.50359
	47.7098	0.52326
	47.8005	0.52657
	47.8912	0.50051
	47.9819	0.41718
	48.0726	0.35747
	48.1633	0.29112
	48.254	0.24429
	48.3447	0.18578
	48.4354	0.081969
	48.5261	-0.0055807
	48.6168	-0.097496
	48.7075	-0.16626
	48.7982	-0.22769
	48.8889	-0.27626
	48.9796	-0.2853
	49.0703	-0.28954
	49.161	-0.27088
	49.2517	-0.26561
	49.3424	-0.25802
	49.4331	-0.21275
	49.5238	-0.14995
	49.6145	-0.069542
	49.7052	0.0067
	49.7959	0.089725
	49.8866	0.1665
	49.9773	0.27445
	50.068	0.37974
	50.1587	0.43415
	50.2494	0.5049
	50.3401	0.53002
	50.4308	0.53914
	50.5215	0.52573
	50.6122	0.4916
	50.7029	0.4696
	50.7937	0.3988
	50.8844	0.35507
	50.9751	0.25019
	51.0658	0.13937
	51.1565	0.071424
	51.2472	-0.03713
	51.3379	-0.081245
	51.4286	-0.14049
	51.5193	-0.19017
	51.61	-0.22557
	51.7007	-0.27828
	51.7914	-0.29572
	51.8821	-0.32605
	51.9728	-0.29703
	52.0635	-0.26803
	52.1542	-0.24297
	52.2449	-0.19096
	52.3356	-0.17892
	52.4263	-0.15799
	52.517	-0.15485
	52.6077	-0.14268
	52.6984	-0.13119
	52.7891	-0.11063
	52.8798	-0.081987
	52.9705	-0.11529
	53.0612	-0.12937
	53.1519	-0.16279
	53.2426	-0.19984
	53.3333	-0.22175
	53.424	-0.25725
	53.5147	-0.2751
	53.6054	-0.31133
	53.6961	-0.31939
	53.7868	-0.333
	53.8776	-0.35113
	53.9683	-0.35783
	54.059	-0.35763
	54.1497	-0.32063
	54.2404	-0.304
	54.3311	-0.26418
	54.4218	-0.21268
	54.5125	-0.11379
	54.6032	0.027537
	54.6939	0.10289
	54.7846	0.17368
	54.8753	0.22057
	54.966	0.27712
	55.0567	0.36336
	55.1474	0.42066
	55.2381	0.47647
	55.3288	0.50756
	55.4195	0.53504
	55.5102	0.51218
	55.6009	0.43896
	55.6916	0.39113
	55.7823	0.32703
	55.873	0.28926
	55.9637	0.25485
	56.0544	0.17155
	56.1451	0.095832
	56.2358	0.016266
	56.3265	-0.067035
	56.4172	-0.13932
	56.5079	-0.19104
	56.5986	-0.21221
	56.6893	-0.21401
	56.78	-0.20142
	56.8707	-0.20118
	56.9615	-0.20657
	57.0522	-0.19207
	57.1429	-0.14694
	57.2336	-0.091725
	57.3243	-0.022229
	57.415	0.065403
	57.5057	0.14997
	57.5964	0.27031
	57.6871	0.33389
	57.7778	0.35502
	57.8685	0.42597
	57.9592	0.46418
	58.0499	0.4946
	58.1406	0.49938
	58.2313	0.48171
	58.322	0.45862
	58.4127	0.40692
	58.5034	0.35165
	58.5941	0.2392
	58.6848	0.16
	58.7755	0.10771
	58.8662	0.022745
	58.9569	-0.02814
	59.0476	-0.098212
	59.1383	-0.16881
	59.229	-0.21577
	59.3197	-0.25224
	59.4104	-0.2838
	59.5011	-0.30376
	59.5918	-0.27669
	59.6825	-0.25646
	59.7732	-0.22892
	59.8639	-0.20817
	59.9546	-0.20222
	60.0454	-0.15945
	60.1361	-0.14655
	60.2268	-0.13053
	60.3175	-0.11071
	60.4082	-0.10773
	60.4989	-0.05918
	60.5896	-0.070947
	60.6803	-0.10705
	60.771	-0.095345
	60.8617	-0.13797
	60.9524	-0.15086
	61.0431	-0.13809
	61.1338	-0.17627
	61.2245	-0.17538
	61.3152	-0.18695
	61.4059	-0.21463
	61.4966	-0.2144
	61.5873	-0.22935
	61.678	-0.21724
	61.7687	-0.20201
	61.8594	-0.18922
	61.9501	-0.16158
	62.0408	-0.15897
	62.1315	-0.16215
	62.2222	-0.15073
	62.3129	-0.12137
	62.4036	-0.073164
	62.4943	-0.0027293
	62.585	0.057721
	62.6757	0.098192
	62.7664	0.12812
	62.8571	0.1398
	62.9478	0.16222
	63.0385	0.19162
	63.1293	0.22893
	63.22	0.2656
	63.3107	0.2834
	63.4014	0.29175
	63.4921	0.28085
	63.5828	0.2534
	63.6735	0.23231
	63.7642	0.22079
	63.8549	0.19198
	63.9456	0.1884
	64.0363	0.20247
	64.127	0.15172
	64.2177	0.093767
	64.3084	0.078716
	64.3991	0.063286
	64.4898	0.036071
	64.5805	0.022289
	64.6712	0.024471
	64.7619	0.038003
	64.8526	0.04766
	64.9433	0.028833
	65.034	0.027558
	65.1247	0.049371
	65.2154	0.061997
	65.3061	0.074668
	65.3968	0.083338
	65.4875	0.10265
	65.5782	0.11768
	65.6689	0.11656
	65.7596	0.12367
	65.8503	0.1287
	65.941	0.13715
	66.0317	0.14235
	66.1224	0.13553
	66.2132	0.13417
	66.3039	0.13199
	66.3946	0.12667
	66.4853	0.11877
	66.576	0.11182
	66.6667	0.10605
	66.7574	0.094105
	66.8481	0.082291
	66.9388	0.071906
	67.0295	0.064532
	67.1202	0.05834
	67.2109	0.047238
	67.3016	0.035932
	67.3923	0.026871
	67.483	0.016986
	67.5737	0.0023357
	67.6644	-0.013607
	67.7551	-0.023462
	67.8458	-0.031891
	67.9365	-0.04257
	68.0272	-0.052046
	68.1179	-0.060776
	68.2086	-0.068669
	68.2993	-0.077268
	68.39	-0.085233
	68.4807	-0.088566
	68.5714	-0.091719
	68.6621	-0.092767
	68.7528	-0.090128
	68.8435	-0.090016
	68.9342	-0.089162
	69.0249	-0.089636
	69.1156	-0.089304
	69.2063	-0.081757
	69.2971	-0.079923
	69.3878	-0.080136
	69.4785	-0.074648
	69.5692	-0.070771
	69.6599	-0.069975
	69.7506	-0.072051
	69.8413	-0.070263
	69.932	-0.066906
	70.0227	-0.066348
	70.1134	-0.065609
	70.2041	-0.066203
	70.2948	-0.066613
	70.3855	-0.070391
	70.4762	-0.076312
	70.5669	-0.081055
	70.6576	-0.08628
	70.7483	-0.087294
	70.839	-0.085554
	70.9297	-0.082842
	71.0204	-0.074772
	71.1111	-0.064498
	71.2018	-0.058518
	71.2925	-0.052435
	71.3832	-0.040807
	71.4739	-0.028505
	71.5646	-0.014892
	71.6553	0.0054152
	71.746	0.027646
	71.8367	0.048469
	71.9274	0.067961
	72.0181	0.083269
	72.1088	0.098703
	72.1995	0.11259
	72.2902	0.12213
	72.381	0.13474
	72.4717	0.14883
	72.5624	0.15902
	72.6531	0.16308
	72.7438	0.1638
	72.8345	0.16439
	72.9252	0.16318
	73.0159	0.16016
	73.1066	0.15676
	73.1973	0.15599
	73.288	0.15547
	73.3787	0.15304
	73.4694	0.14974
	73.5601	0.14617
	73.6508	0.14348
	73.7415	0.14106
	73.8322	0.14145
	73.9229	0.14095
	74.0136	0.1378
	74.1043	0.13674
	74.195	0.13305
	74.2857	0.12844
	74.3764	0.12488
	74.4671	0.11916
	74.5578	0.11333
	74.6485	0.10548
	74.7392	0.097287
	74.8299	0.08818
	74.9206	0.075687
	75.0113	0.06278
	75.102	0.049001
	75.1927	0.034753
	75.2834	0.021942
	75.3741	0.010598
	75.4649	-0.0020733
	75.5556	-0.013176
	75.6463	-0.021353
	75.737	-0.030492
	75.8277	-0.037459
	75.9184	-0.043041
	76.0091	-0.047722
	76.0998	-0.04879
	76.1905	-0.048007
	76.2812	-0.045601
	76.3719	-0.040197
	76.4626	-0.034429
	76.5533	-0.03148
	76.644	-0.028108
	76.7347	-0.02331
	76.8254	-0.018315
	76.9161	-0.01449
	77.0068	-0.01239
	77.0975	-0.011169
	77.1882	-0.011556
	77.2789	-0.011119
	77.3696	-0.015771
	77.4603	-0.024348
	77.551	-0.030425
	77.6417	-0.039462
	77.7324	-0.047858
	77.8231	-0.056008
	77.9138	-0.066105
	78.0045	-0.074064
	78.0952	-0.080735
	78.1859	-0.088694
	78.2766	-0.098843
	78.3673	-0.10595
	78.458	-0.1116
	78.5488	-0.11696
	78.6395	-0.11893
	78.7302	-0.11922
	78.8209	-0.11695
	78.9116	-0.1136
	79.0023	-0.10904
	79.093	-0.10289
	79.1837	-0.094859
	79.2744	-0.083611
	79.3651	-0.072358
	79.4558	-0.058521
	79.5465	-0.043423
	79.6372	-0.02968
	79.7279	-0.014633
	79.8186	-0.0017826
	79.9093	0.011115
	80	0.025636
	80.0907	0.03885
	80.1814	0.05045
	80.2721	0.058932
	80.3628	0.067414
	80.4535	0.074529
	80.5442	0.078924
	80.6349	0.085164
	80.7256	0.091586
	80.8163	0.09866
	80.907	0.10675
	80.9977	0.11369
	81.0884	0.12082
	81.1791	0.12755
	81.2698	0.13442
	81.3605	0.1412
	81.4512	0.14803
	81.542	0.15604
	81.6327	0.16258
	81.7234	0.1684
	81.8141	0.17287
	81.9048	0.17426
	81.9955	0.17371
	82.0862	0.17113
	82.1769	0.16672
	82.2676	0.16049
	82.3583	0.15385
	82.449	0.14593
	82.5397	0.13615
	82.6304	0.12527
	82.7211	0.11107
	82.8118	0.095593
	82.9025	0.080438
	82.9932	0.066232
	83.0839	0.05451
	83.1746	0.042709
	83.2653	0.031295
	83.356	0.021194
	83.4467	0.011192
	83.5374	0.0040685
	83.6281	5.2144e-05
	83.7188	-0.001902
	83.8095	0.00074561
	83.9002	0.0065298
	83.9909	0.011957
	84.0816	0.015053
	84.1723	0.017323
	84.263	0.021105
	84.3537	0.025736
	84.4444	0.03156
	84.5351	0.036224
	84.6259	0.038893
	84.7166	0.039957
	84.8073	0.038711
	84.898	0.034999
	84.9887	0.02836
	85.0794	0.021894
	85.1701	0.015462
	85.2608	0.00913
	85.3515	0.0023512
	85.4422	-0.0067549
	85.5329	-0.016782
	85.6236	-0.028129
	85.7143	-0.038828
	85.805	-0.048852
	85.8957	-0.057967
	85.9864	-0.065243
	86.0771	-0.071336
	86.1678	-0.075151
	86.2585	-0.078626
	86.3492	-0.080964
	86.4399	-0.081811
	86.5306	-0.081009
	86.6213	-0.077657
	86.712	-0.074449
	86.8027	-0.070851
	86.8934	-0.067519
	86.9841	-0.065112
	87.0748	-0.064405
	87.1655	-0.064514
	87.2562	-0.062296
	87.3469	-0.060553
	87.4376	-0.059098
	87.5283	-0.058845
	87.619	-0.060603
	87.7098	-0.062224
	87.8005	-0.065861
	87.8912	-0.068503
	87.9819	-0.068497
	88.0726	-0.066874
	88.1633	-0.062888
	88.254	-0.0571
	88.3447	-0.048707
	88.4354	-0.03977
	88.5261	-0.030169
	88.6168	-0.018635
	88.7075	-0.0053283
	88.7982	0.010264
	88.8889	0.026748
	88.9796	0.044468
	89.0703	0.062047
	89.161	0.078888
	89.2517	0.094483
	89.3424	0.10814
	89.4331	0.12105
	89.5238	0.13201
	89.6145	0.14212
	89.7052	0.15003
	89.7959	0.15626
	89.8866	0.16152
	89.9773	0.16254
	90.068	0.16193
	90.1587	0.15952
	90.2494	0.15608
	90.3401	0.15184
	90.4308	0.14451
	90.5215	0.13688
	90.6122	0.12829
	90.7029	0.119
	90.7937	0.10817
	90.8844	0.0975
	90.9751	0.089816
	91.0658	0.080777
	91.1565	0.07417
	91.2472	0.069413
	91.3379	0.063263
	91.4286	0.059944
	91.5193	0.057193
	91.61	0.054776
	91.7007	0.05386
	91.7914	0.053842
	91.8821	0.055011
	91.9728	0.056714
	92.0635	0.057591
	92.1542	0.057353
	92.2449	0.058165
	92.3356	0.055979
	92.4263	0.052268
	92.517	0.049885
	92.6077	0.045686
	92.6984	0.043012
	92.7891	0.039278
	92.8798	0.034518
	92.9705	0.031222
	93.0612	0.026451
	93.1519	0.021247
	93.2426	0.015003
	93.3333	0.0090874
	93.424	0.0036206
	93.5147	-0.00066945
	93.6054	-0.0025743
	93.6961	-0.0043111
	93.7868	-0.0045957
	93.8776	-0.0044886
	93.9683	-0.0041915
	94.059	-0.0034699
	94.1497	-0.0031974
	94.2404	-0.0037623
	94.3311	-0.0034656
	94.4218	9.9302e-05
	94.5125	0.00094006
	94.6032	-0.00076076
	94.6939	-0.0014483
	94.7846	-0.0041702
	94.8753	-0.0075328
	94.966	-0.010741
	95.0567	-0.014752
	95.1474	-0.018925
	95.2381	-0.023274
	95.3288	-0.027845
	95.4195	-0.032795
	95.5102	-0.037184
	95.6009	-0.040934
	95.6916	-0.04415
	95.7823	-0.04632
	95.873	-0.048859
	95.9637	-0.051011
	96.0544	-0.052414
	96.1451	-0.054389
	96.2358	-0.054302
	96.3265	-0.051798
	96.4172	-0.049251
	96.5079	-0.046559
	96.5986	-0.044417
	96.6893	-0.042968
	96.78	-0.040245
	96.8707	-0.038114
	96.9615	-0.038008
	97.0522	-0.036011
	97.1429	-0.032648
	97.2336	-0.0303
	97.3243	-0.027729
	97.415	-0.024332
	97.5057	-0.020858
	97.5964	-0.017461
	97.6871	-0.012807
	97.7778	-0.0073332
	97.8685	-0.0024191
	97.9592	0.0018706
	98.0499	0.0081685
	98.1406	0.016837
	98.2313	0.025824
	98.322	0.034405
	98.4127	0.041626
	98.5034	0.050934
	98.5941	0.061123
	98.6848	0.069007
	98.7755	0.077483
	98.8662	0.085623
	98.9569	0.093777
	99.0476	0.10252
	99.1383	0.10945
	99.229	0.11443
	99.3197	0.11861
	99.4104	0.12334
	99.5011	0.12668
	99.5918	0.12827
	99.6825	0.12874
	99.7732	0.12586
	99.8639	0.12202
	99.9546	0.1177
	100.0454	0.11159
	100.1361	0.10527
	100.2268	0.097578
	100.3175	0.089583
	100.4082	0.081884
	100.4989	0.073942
	100.5896	0.066031
	100.6803	0.057008
	100.771	0.049152
	100.8617	0.042198
	100.9524	0.036226
	101.0431	0.032113
	101.1338	0.028778
	101.2245	0.028229
	101.3152	0.027592
	101.4059	0.025971
	101.4966	0.025539
	101.5873	0.024897
	101.678	0.024633
	101.7687	0.025071
	101.8594	0.026033
	101.9501	0.02678
	102.0408	0.027483
	102.1315	0.026816
	102.2222	0.025213
	102.3129	0.024611
	102.4036	0.023115
	102.4943	0.021377
	102.585	0.017494
	102.6757	0.014081
	102.7664	0.010822
	102.8571	0.0088029
	102.9478	0.0086436
	103.0385	0.002885
	103.1293	0.0035713
	103.22	-0.0031311
	103.3107	0.00062281
	103.4014	0.02615
	103.4921	-0.0063117
	103.5828	-0.040924
	103.6735	-0.01681
	103.7642	-0.01199
	103.8549	-0.0085206
	103.9456	0.002164
	104.0363	-0.018145
	104.127	-0.025338
	104.2177	-0.010932
	104.3084	-0.010821
	104.3991	-0.016439
	104.4898	-0.012107
	104.5805	-0.0097965
	104.6712	-0.016591
	104.7619	-0.02143
	104.8526	-0.016883
	104.9433	-0.013435
	105.034	-0.021181
	105.1247	-0.028633
	105.2154	-0.031975
	105.3061	-0.034831
	105.3968	-0.03736
	105.4875	-0.046602
	105.5782	-0.054906
	105.6689	-0.056106
	105.7596	-0.056239
	105.8503	-0.058832
	105.941	-0.064364
	106.0317	-0.065937
	106.1224	-0.066871
	106.2132	-0.070077
	106.3039	-0.07051
	106.3946	-0.067348
	106.4853	-0.061209
	106.576	-0.057807
	106.6667	-0.053308
	106.7574	-0.046048
	106.8481	-0.037564
	106.9388	-0.028172
	107.0295	-0.021047
	107.1202	-0.0086997
	107.2109	0.0014376
	107.3016	0.012417
	107.3923	0.02341
	107.483	0.031341
	107.5737	0.045031
	107.6644	0.044914
	107.7551	0.071519
	107.8458	0.10606
	107.9365	0.080889
	108.0272	0.078567
	108.1179	0.1406
	108.2086	0.18619
	108.2993	0.16461
	108.39	0.13408
	108.4807	0.10212
	108.5714	0.10165
	108.6621	0.21238
	108.7528	0.2185
	108.8435	0.10653
	108.9342	0.087304
	109.0249	0.064554
	109.1156	0.050814
	109.2063	0.10186
	109.2971	0.095923
	109.3878	0.047586
	109.4785	0.014352
	109.5692	-0.01075
	109.6599	-6.0395e-05
	109.7506	0.035196
	109.8413	0.0333
	109.932	0.01324
	110.0227	-0.0070652
	110.1134	-0.0092639
	110.2041	0.04694
	110.2948	0.045351
	110.3855	-0.0052971
	110.4762	0.028855
	110.5669	0.069838
	110.6576	0.062076
	110.7483	0.062504
	110.839	0.096901
	110.9297	0.11186
	111.0204	0.11367
	111.1111	0.12654
	111.2018	0.10468
	111.2925	0.10208
	111.3832	0.10243
	111.4739	0.086325
	111.5646	0.047249
	111.6553	0.0066966
	111.746	0.036841
	111.8367	0.029336
	111.9274	0.010601
	112.0181	0.0043201
	112.1088	-0.0050106
	112.1995	0.017379
	112.2902	0.028528
	112.381	0.02141
	112.4717	-0.059995
	112.5624	-0.055257
	112.6531	-0.031763
	112.7438	-0.062519
	112.8345	0.01543
	112.9252	-0.048039
	113.0159	-0.090701
	113.1066	-0.04478
	113.1973	-0.12411
	113.288	-0.084609
	113.3787	-0.046021
	113.4694	-0.09608
	113.5601	-0.10029
	113.6508	-0.13071
	113.7415	-0.15417
	113.8322	-0.13765
	113.9229	-0.12601
	114.0136	-0.14369
	114.1043	-0.13907
	114.195	-0.13136
	114.2857	-0.1561
	114.3764	-0.16032
	114.4671	-0.15699
	114.5578	-0.17231
	114.6485	-0.16737
	114.7392	-0.11178
	114.8299	-0.13002
	114.9206	-0.16663
	115.0113	-0.13519
	115.102	-0.16825
	115.1927	-0.15618
	115.2834	-0.11874
	115.3741	-0.14466
	115.4649	-0.10712
	115.5556	-0.077774
	115.6463	-0.07473
	115.737	-0.039538
	115.8277	-0.012626
	115.9184	0.024054
	116.0091	0.060339
	116.0998	0.082333
	116.1905	0.11781
	116.2812	0.14925
	116.3719	0.17353
	116.4626	0.20618
	116.5533	0.20995
	116.644	0.2104
	116.7347	0.23274
	116.8254	0.22319
	116.9161	0.212
	117.0068	0.21185
	117.0975	0.18679
	117.1882	0.16058
	117.2789	0.14298
	117.3696	0.11086
	117.4603	0.06929
	117.551	0.050372
	117.6417	0.024989
	117.7324	-0.012144
	117.8231	-0.020275
	117.9138	-0.03842
	118.0045	-0.060916
	118.0952	-0.062069
	118.1859	-0.066873
	118.2766	-0.060217
	118.3673	-0.05107
	118.458	-0.041926
	118.5488	-0.017833
	118.6395	0.0091316
	118.7302	0.044107
	118.8209	0.086368
	118.9116	0.12733
	119.0023	0.16277
	119.093	0.1941
	119.1837	0.20524
	119.2744	0.22275
	119.3651	0.25247
	119.4558	0.2469
	119.5465	0.2607
	119.6372	0.26541
	119.7279	0.22782
	119.8186	0.20305
	119.9093	0.15091
	120	0.11573
	120.0907	0.12791
	120.1814	0.099851
	120.2721	0.033707
	120.3628	-0.0040907
	120.4535	-0.03171
	120.5442	-0.064857
	120.6349	-0.066681
	120.7256	-0.090043
	120.8163	-0.10149
	120.907	-0.096619
	120.9977	-0.12764
	121.0884	-0.12204
	121.1791	-0.11158
	121.2698	-0.11515
	121.3605	-0.10238
	121.4512	-0.063811
	121.542	-0.054263
	121.6327	-0.09017
	121.7234	-0.062906
	121.8141	-0.071709
	121.9048	-0.094832
	121.9955	-0.068443
	122.0862	-0.10919
	122.1769	-0.094774
	122.2676	-0.10371
	122.3583	-0.16318
	122.449	-0.1114
	122.5397	-0.16585
	122.6304	-0.21271
	122.7211	-0.17913
	122.8118	-0.24711
	122.9025	-0.20935
	122.9932	-0.18526
	123.0839	-0.24642
	123.1746	-0.22703
	123.2653	-0.26294
	123.356	-0.25726
	123.4467	-0.20687
	123.5374	-0.22591
	123.6281	-0.18403
	123.7188	-0.18524
	123.8095	-0.22365
	123.9002	-0.15333
	123.9909	-0.10063
	124.0816	-0.046342
	124.1723	0.044342
	124.263	0.07229
	124.3537	0.094404
	124.4444	0.13063
	124.5351	0.154
	124.6259	0.18892
	124.7166	0.24462
	124.8073	0.31345
	124.898	0.33556
	124.9887	0.31272
	125.0794	0.29042
	125.1701	0.25398
	125.2608	0.23002
	125.3515	0.24517
	125.4422	0.23898
	125.5329	0.19528
	125.6236	0.15794
	125.7143	0.093129
	125.805	0.018432
	125.8957	-0.0077008
	125.9864	-0.036134
	126.0771	-0.05782
	126.1678	-0.048355
	126.2585	-0.051819
	126.3492	-0.081599
	126.4399	-0.11226
	126.5306	-0.11126
	126.6213	-0.1041
	126.712	-0.079005
	126.8027	-0.026774
	126.8934	0.0033353
	126.9841	0.02355
	127.0748	0.039647
	127.1655	0.06215
	127.2562	0.11285
	127.3469	0.18101
	127.4376	0.25048
	127.5283	0.283
	127.619	0.28997
	127.7098	0.29812
	127.8005	0.29035
	127.8912	0.29965
	127.9819	0.31615
	128.0726	0.29699
	128.1633	0.27709
	128.254	0.24115
	128.3447	0.18553
	128.4354	0.13649
	128.5261	0.094246
	128.6168	0.065545
	128.7075	0.044585
	128.7982	0.045073
	128.8889	0.0051334
	128.9796	-0.071989
	129.0703	-0.098084
	129.161	-0.10303
	129.2517	-0.10754
	129.3424	-0.10348
	129.4331	-0.090593
	129.5238	-0.089368
	129.6145	-0.106
	129.7052	-0.12677
	129.7959	-0.1358
	129.8866	-0.097626
	129.9773	-0.080917
	130.068	-0.081819
	130.1587	-0.079256
	130.2494	-0.1039
	130.3401	-0.11351
	130.4308	-0.16047
	130.5215	-0.15352
	130.6122	-0.11803
	130.7029	-0.16212
	130.7937	-0.14827
	130.8844	-0.18692
	130.9751	-0.22406
	131.0658	-0.20804
	131.1565	-0.27981
	131.2472	-0.28853
	131.3379	-0.28634
	131.4286	-0.28667
	131.5193	-0.26042
	131.61	-0.30127
	131.7007	-0.29988
	131.7914	-0.29432
	131.8821	-0.30668
	131.9728	-0.27664
	132.0635	-0.24873
	132.1542	-0.23497
	132.2449	-0.19837
	132.3356	-0.11433
	132.4263	-0.035032
	132.517	0.040468
	132.6077	0.094613
	132.6984	0.10936
	132.7891	0.15413
	132.8798	0.22855
	132.9705	0.30514
	133.0612	0.36929
	133.1519	0.39289
	133.2426	0.39355
	133.3333	0.37796
	133.424	0.34161
	133.5147	0.33737
	133.6054	0.33285
	133.6961	0.30622
	133.7868	0.28415
	133.8776	0.21436
	133.9683	0.13206
	134.059	0.0769
	134.1497	0.01166
	134.2404	-0.041243
	134.3311	-0.065243
	134.4218	-0.088937
	134.5125	-0.11361
	134.6032	-0.13858
	134.6939	-0.17428
	134.7846	-0.19845
	134.8753	-0.18371
	134.966	-0.13912
	135.0567	-0.089517
	135.1474	-0.04587
	135.2381	-0.011266
	135.3288	0.020052
	135.4195	0.05589
	135.5102	0.10912
	135.6009	0.17409
	135.6916	0.26037
	135.7823	0.36691
	135.873	0.41129
	135.9637	0.39032
	136.0544	0.36553
	136.1451	0.35462
	136.2358	0.3692
	136.3265	0.38815
	136.4172	0.37717
	136.5079	0.33228
	136.5986	0.25775
	136.6893	0.1671
	136.78	0.076342
	136.8707	0.016891
	136.9615	0.013842
	137.0522	0.0017793
	137.1429	-0.03772
	137.2336	-0.085947
	137.3243	-0.15825
	137.415	-0.19082
	137.5057	-0.18258
	137.5964	-0.17166
	137.6871	-0.13924
	137.7778	-0.099732
	137.8685	-0.07755
	137.9592	-0.079859
	138.0499	-0.081807
	138.1406	-0.0918
	138.2313	-0.080032
	138.322	-0.02783
	138.4127	-0.023283
	138.5034	-0.024339
	138.5941	-0.043762
	138.6848	-0.099487
	138.7755	-0.11071
	138.8662	-0.13514
	138.9569	-0.14575
	139.0476	-0.15976
	139.1383	-0.19248
	139.229	-0.1905
	139.3197	-0.25199
	139.4104	-0.29805
	139.5011	-0.30008
	139.5918	-0.34878
	139.6825	-0.32726
	139.7732	-0.2926
	139.8639	-0.33222
	139.9546	-0.30644
	140.0454	-0.28706
	140.1361	-0.30804
	140.2268	-0.25474
	140.3175	-0.22827
	140.4082	-0.21536
	140.4989	-0.19304
	140.5896	-0.16632
	140.6803	-0.048935
	140.771	0.053371
	140.8617	0.13253
	140.9524	0.18103
	141.0431	0.1547
	141.1338	0.196
	141.2245	0.28076
	141.3152	0.34126
	141.4059	0.40991
	141.4966	0.43328
	141.5873	0.40609
	141.678	0.37297
	141.7687	0.32546
	141.8594	0.29061
	141.9501	0.28714
	142.0408	0.27519
	142.1315	0.2406
	142.2222	0.18106
	142.3129	0.096377
	142.4036	0.020746
	142.4943	-0.040038
	142.585	-0.085914
	142.6757	-0.09487
	142.7664	-0.096456
	142.8571	-0.099668
	142.9478	-0.1147
	143.0385	-0.15641
	143.1293	-0.17536
	143.22	-0.15613
	143.3107	-0.10398
	143.4014	-0.036892
	143.4921	0.016242
	143.5828	0.04714
	143.6735	0.069206
	143.7642	0.1125
	143.8549	0.16525
	143.9456	0.23044
	144.0363	0.31691
	144.127	0.38572
	144.2177	0.40099
	144.3084	0.37762
	144.3991	0.35956
	144.4898	0.34426
	144.5805	0.33881
	144.6712	0.34636
	144.7619	0.31473
	144.8526	0.24858
	144.9433	0.18183
	145.034	0.10253
	145.1247	0.030421
	145.2154	-0.0058146
	145.3061	-0.025
	145.3968	-0.046816
	145.4875	-0.084951
	145.5782	-0.12495
	145.6689	-0.15537
	145.7596	-0.16467
	145.8503	-0.14262
	145.941	-0.12922
	146.0317	-0.097715
	146.1224	-0.049916
	146.2132	-0.03895
	146.3039	-0.043656
	146.3946	-0.054628
	146.4853	-0.030348
	146.576	0.014213
	146.6667	0.028615
	146.7574	0.027694
	146.8481	-0.033124
	146.9388	-0.079918
	147.0295	-0.083338
	147.1202	-0.12087
	147.2109	-0.12386
	147.3016	-0.13723
	147.3923	-0.17072
	147.483	-0.19053
	147.5737	-0.25618
	147.6644	-0.28344
	147.7551	-0.29389
	147.8458	-0.33083
	147.9365	-0.30896
	148.0272	-0.2885
	148.1179	-0.30961
	148.2086	-0.29578
	148.2993	-0.28918
	148.39	-0.31562
	148.4807	-0.26411
	148.5714	-0.21153
	148.6621	-0.21108
	148.7528	-0.16865
	148.8435	-0.17236
	148.9342	-0.18889
	149.0249	-0.1664
	149.1156	-0.11742
	149.2063	0.026378
	149.2971	0.11967
	149.3878	0.15611
	149.4785	0.18004
	149.5692	0.13782
	149.6599	0.16948
	149.7506	0.24698
	149.8413	0.31009
	149.932	0.38084
	150.0227	0.39929
	150.1134	0.37231
	150.2041	0.31105
	150.2948	0.262
	150.3855	0.24438
	150.4762	0.24462
	150.5669	0.26816
	150.6576	0.24303
	150.7483	0.18259
	150.839	0.11369
	150.9297	0.03021
	151.0204	-0.013635
	151.1111	-0.035647
	151.2018	-0.033103
	151.2925	-0.011558
	151.3832	-0.022385
	151.4739	-0.048751
	151.5646	-0.09272
	151.6553	-0.11484
	151.746	-0.084925
	151.8367	-0.038147
	151.9274	0.024377
	152.0181	0.067003
	152.1088	0.089147
	152.1995	0.10781
	152.2902	0.12335
	152.381	0.16195
	152.4717	0.2188
	152.5624	0.28902
	152.6531	0.32587
	152.7438	0.32654
	152.8345	0.3133
	152.9252	0.27708
	153.0159	0.25733
	153.1066	0.24965
	153.1973	0.24257
	153.288	0.22027
	153.3787	0.17644
	153.4694	0.12247
	153.5601	0.067082
	153.6508	0.027909
	153.7415	0.0029563
	153.8322	0.0030256
	153.9229	-0.0061416
	154.0136	-0.024714
	154.1043	-0.041002
	154.195	-0.06135
	154.2857	-0.076152
	154.3764	-0.069275
	154.4671	-0.015681
	154.5578	-0.0088281
	154.6485	0.0032874
	154.7392	0.040878
	154.8299	-0.0094662
	154.9206	-0.01062
	155.0113	0.0057871
	155.102	0.0028452
	155.1927	0.060269
	155.2834	0.02461
	155.3741	-0.058338
	155.4649	-0.085299
	155.5556	-0.10866
	155.6463	-0.13593
	155.737	-0.15429
	155.8277	-0.15835
	155.9184	-0.19391
	156.0091	-0.17723
	156.0998	-0.18602
	156.1905	-0.31805
	156.2812	-0.30012
	156.3719	-0.24368
	156.4626	-0.25277
	156.5533	-0.18865
	156.644	-0.22269
	156.7347	-0.27718
	156.8254	-0.28734
	156.9161	-0.26259
	157.0068	-0.17206
	157.0975	-0.16395
	157.1882	-0.11964
	157.2789	-0.11346
	157.3696	-0.16629
	157.4603	-0.096279
	157.551	-0.11564
	157.6417	-0.15265
	157.7324	-0.090264
	157.8231	-0.066089
	157.9138	-0.070372
	158.0045	-0.060599
	158.0952	-0.0011026
	158.1859	0.027697
	158.2766	0.046423
	158.3673	0.073722
	158.458	0.067873
	158.5488	0.11334
	158.6395	0.17566
	158.7302	0.2258
	158.8209	0.21763
	158.9116	0.20795
	159.0023	0.25124
	159.093	0.22885
	159.1837	0.24178
	159.2744	0.26841
	159.3651	0.24179
	159.4558	0.26513
	159.5465	0.2578
	159.6372	0.21066
	159.7279	0.16951
	159.8186	0.13522
	159.9093	0.13264
	160	0.11585
	160.0907	0.10963
	160.1814	0.10305
	160.2721	0.071606
	160.3628	0.05197
	160.4535	0.035576
	160.5442	0.033012
	160.6349	0.028125
	160.7256	0.04482
	160.8163	0.071425
	160.907	0.073663
	160.9977	0.093111
	161.0884	0.1016
	161.1791	0.1111
	161.2698	0.14352
	161.3605	0.16961
	161.4512	0.17757
	161.542	0.18185
	161.6327	0.17797
	161.7234	0.16872
	161.8141	0.18549
	161.9048	0.16199
	161.9955	0.15296
	162.0862	0.16964
	162.1769	0.11433
	162.2676	0.10321
	162.3583	0.097596
	162.449	0.047946
	162.5397	0.066187
	162.6304	0.067713
	162.7211	0.019553
	162.8118	0.019753
	162.9025	0.0052872
	162.9932	-0.028012
	163.0839	0.024847
	163.1746	0.0024595
	163.2653	-0.036509
	163.356	0.0037745
	163.4467	-0.054904
	163.5374	-0.012104
	163.6281	0.0046137
	163.7188	-0.041285
	163.8095	0.028372
	163.9002	-0.060434
	163.9909	-0.058218
	164.0816	-0.04316
	164.1723	-0.082413
	164.263	-0.009281
	164.3537	-0.13306
	164.4444	-0.10358
	164.5351	-0.066616
	164.6259	-0.19027
	164.7166	-0.10639
	164.8073	-0.13725
	164.898	-0.1787
	164.9887	-0.10931
	165.0794	-0.11176
	165.1701	-0.13232
	165.2608	-0.1774
	165.3515	-0.18418
	165.4422	-0.19924
	165.5329	-0.14296
	165.6236	-0.071931
	165.7143	-0.13751
	165.805	-0.15318
	165.8957	-0.17196
	165.9864	-0.16382
	166.0771	-0.10734
	166.1678	-0.16653
	166.2585	-0.13486
	166.3492	-0.07454
	166.4399	-0.12435
	166.5306	-0.10521
	166.6213	-0.11229
	166.712	-0.14358
	166.8027	-0.12623
	166.8934	-0.09707
	166.9841	-0.045148
	167.0748	-0.06933
	167.1655	-0.070493
	167.2562	-0.04027
	167.3469	-0.10858
	167.4376	-0.064425
	167.5283	0.00042118
	167.619	-0.050339
	167.7098	0.019043
	167.8005	0.049805
	167.8912	0.023516
	167.9819	0.10076
	168.0726	0.10377
	168.1633	0.095748
	168.254	0.13005
	168.3447	0.14608
	168.4354	0.18294
	168.5261	0.21301
	168.6168	0.21985
	168.7075	0.20946
	168.7982	0.20437
	168.8889	0.19254
	168.9796	0.19477
	169.0703	0.20956
	169.161	0.2077
	169.2517	0.19721
	169.3424	0.16963
	169.4331	0.17189
	169.5238	0.13639
	169.6145	0.1045
	169.7052	0.1232
	169.7959	0.068866
	169.8866	0.098505
	169.9773	0.13399
	170.068	0.083878
	170.1587	0.12487
	170.2494	0.090376
	170.3401	0.037871
	170.4308	0.099037
	170.5215	0.14865
	170.6122	0.14152
	170.7029	0.14002
	170.7937	0.15809
	170.8844	0.068206
	170.9751	0.097076
	171.0658	0.16129
	171.1565	0.085534
	171.2472	0.17018
	171.3379	0.16622
	171.4286	0.062837
	171.5193	0.085781
	171.61	0.071344
	171.7007	0.065519
	171.7914	0.056834
	171.8821	0.092642
	171.9728	0.056634
	172.0635	-0.02363
	172.1542	0.087129
	172.2449	-0.030793
	172.3356	-0.077203
	172.4263	0.10063
	172.517	-0.078271
	172.6077	-0.010744
	172.6984	0.10312
	172.7891	-0.16059
	172.8798	-0.041566
	172.9705	-0.009119
	173.0612	-0.14742
	173.1519	0.023377
	173.2426	-0.016065
	173.3333	-0.1165
	173.424	-0.037042
	173.5147	0.0072349
	173.6054	-0.11205
	173.6961	-0.11107
	173.7868	0.072897
	173.8776	-0.10417
	173.9683	-0.034987
	174.059	0.11173
	174.1497	-0.23925
	174.2404	-0.10862
	174.3311	0.087629
	174.4218	-0.1503
	174.5125	-0.076133
	174.6032	0.081535
	174.6939	-0.14264
	174.7846	-0.22005
	174.8753	0.01758
	174.966	-0.061793
	175.0567	-0.1281
	175.1474	-0.037129
	175.2381	-0.11006
	175.3288	-0.093955
	175.4195	-0.11787
	175.5102	-0.063487
	175.6009	-0.035763
	175.6916	-0.14102
	175.7823	-0.053936
	175.873	-0.057137
	175.9637	-0.088954
	176.0544	-0.020028
	176.1451	0.025851
	176.2358	-0.064754
	176.3265	-0.087896
	176.4172	0.11459
	176.5079	-0.045039
	176.5986	-0.10398
	176.6893	0.12952
	176.78	-0.040996
	176.8707	-0.065668
	176.9615	0.13335
	177.0522	0.010672
	177.1429	-0.081544
	177.2336	0.088759
	177.3243	0.021177
	177.415	-0.089405
	177.5057	0.15182
	177.5964	0.009034
	177.6871	-0.083747
	177.7778	0.16094
	177.8685	-0.056051
	177.9592	-0.039477
	178.0499	0.12857
	178.1406	-0.0056626
	178.2313	-0.005028
	178.322	0.028863
	178.4127	0.065639
	178.5034	-0.029511
	178.5941	0.038029
	178.6848	0.16824
	178.7755	-0.084742
	178.8662	0.022755
	178.9569	0.19911
	179.0476	-0.067923
	179.1383	0.037647
	179.229	0.21198
	179.3197	-0.050526
	179.4104	0.037308
	179.5011	0.18571
	179.5918	-0.038075
	179.6825	0.075274
	179.7732	0.17769
	179.8639	0.036506
	179.9546	0.046677
	180.0454	0.087062
	180.1361	0.10605
	180.2268	0.011686
	180.3175	0.1185
	180.4082	0.14005
	180.4989	-0.074209
	180.5896	0.19714
	180.6803	0.14349
	180.771	-0.11832
	180.8617	0.15639
	180.9524	0.085059
	181.0431	-0.040641
	181.1338	0.18845
	181.2245	0.062164
	181.3152	-0.098981
	181.4059	0.12524
	181.4966	0.060069
	181.5873	-0.052483
	181.678	0.16086
	181.7687	0.015799
	181.8594	-0.079419
	181.9501	0.15323
	182.0408	0.0021022
	182.1315	-0.10072
	182.2222	0.20137
	182.3129	0.030752
	182.4036	-0.13229
	182.4943	0.21288
	182.585	-0.0013596
	182.6757	-0.062082
	182.7664	0.19397
	182.8571	-0.063261
	182.9478	0.039168
	183.0385	0.10031
	183.1293	-0.018906
	183.22	0.098454
	183.3107	-0.071127
	183.4014	0.06368
	183.4921	0.11503
	183.5828	-0.14896
	183.6735	0.09019
	183.7642	0.072331
	183.8549	-0.13908
	183.9456	0.085541
	184.0363	0.026589
	184.127	-0.15996
	184.2177	0.088351
	184.3084	0.020453
	184.3991	-0.16183
	184.4898	0.10664
	184.5805	-0.01324
	184.6712	-0.11442
	184.7619	0.10626
	184.8526	-0.091023
	184.9433	-0.043753
	185.034	0.086241
	185.1247	-0.10036
	185.2154	0.041133
	185.3061	-0.0096315
	185.3968	-0.056679
	185.4875	0.082006
	185.5782	-0.11417
	185.6689	0.049853
	185.7596	0.011007
	185.8503	-0.1298
	185.941	0.1908
	186.0317	-0.089812
	186.1224	-0.081086
	186.2132	0.10577
	186.3039	-0.1101
	186.3946	0.052366
	186.4853	-0.050405
	186.576	0.02822
	186.6667	0.068968
	186.7574	-0.18953
	186.8481	0.14381
	186.9388	-0.0090933
	187.0295	-0.1878
	187.1202	0.21122
	187.2109	-0.018292
	187.3016	-0.14789
	187.3923	0.17015
	187.483	-0.0096496
	187.5737	-0.091367
	187.6644	0.094619
	187.7551	0.022088
	187.8458	0.045592
	187.9365	-0.0088472
	188.0272	0.064766
	188.1179	0.12411
	188.2086	-0.15877
	188.2993	0.13928
	188.39	0.17452
	188.4807	-0.16053
	188.5714	0.14015
	188.6621	0.099201
	188.7528	-0.11401
	188.8435	0.077273
	188.9342	0.12909
	189.0249	0.0013714
	189.1156	-0.0030047
	189.2063	0.11733
	189.2971	0.0024858
	189.3878	-0.066784
	189.4785	0.10935
	189.5692	0.031809
	189.6599	-0.040512
	189.7506	0.13774
	189.8413	-0.0098162
	189.932	-0.056099
	190.0227	0.1197
	190.1134	-0.069036
	190.2041	0.050475
	190.2948	0.064643
	190.3855	-0.081334
	190.4762	0.15621
	190.5669	-0.041019
	190.6576	-0.034293
	190.7483	0.15109
	190.839	-0.091934
	190.9297	0.061102
	191.0204	0.095897
	191.1111	-0.055773
	191.2018	0.10033
	191.2925	-0.03477
	191.3832	0.026577
	191.4739	0.11637
	191.5646	-0.09073
	191.6553	0.070358
	191.746	0.043543
	191.8367	-0.058176
	191.9274	0.066768
	192.0181	0.029672
	192.1088	-0.031301
	192.1995	-0.002501
	192.2902	0.034349
	192.381	-0.051174
	192.4717	0.015177
	192.5624	0.038614
	192.6531	-0.034009
	192.7438	0.067214
	192.8345	-0.022324
	192.9252	-0.0025491
	193.0159	0.061215
	193.1066	-0.047734
	193.1973	0.024764
	193.288	0.056079
	193.3787	-0.023767
	193.4694	-0.02183
	193.5601	0.12696
	193.6508	0.00043117
	193.7415	-0.10326
	193.8322	0.19351
	193.9229	-0.040697
	194.0136	-0.049137
	194.1043	0.19762
	194.195	-0.14262
	194.2857	0.042844
	194.3764	0.14088
	194.4671	-0.13181
	194.5578	0.07494
	194.6485	0.077838
	194.7392	-0.12529
	194.8299	0.10155
	194.9206	0.097742
	195.0113	-0.24287
	195.102	0.18594
	195.1927	0.11038
	195.2834	-0.30683
	195.3741	0.27194
	195.4649	-0.031296
	195.5556	-0.22355
	195.6463	0.32824
	195.737	-0.14137
	195.8277	-0.065558
	195.9184	0.25761
	196.0091	-0.17225
	196.0998	0.081556
	196.1905	0.1494
	196.2812	-0.14851
	196.3719	0.1279
	196.4626	0.068711
	196.5533	-0.045512
	196.644	0.10446
	196.7347	-0.022807
	196.8254	0.05487
	196.9161	0.05395
	197.0068	-0.037117
	197.0975	0.13063
	197.1882	-0.054952
	197.2789	0.022728
	197.3696	0.15765
	197.4603	-0.14226
	197.551	0.071767
	197.6417	0.099218
	197.7324	-0.10702
	197.8231	0.089289
	197.9138	0.027967
	198.0045	-0.014335
	198.0952	0.055833
	198.1859	0.018604
	198.2766	0.048654
	198.3673	-0.028018
	198.458	0.045729
	198.5488	0.066468
	198.6395	-0.086683
	198.7302	0.1188
	198.8209	0.030207
	198.9116	-0.095698
	199.0023	0.18894
	199.093	-0.065221
	199.1837	-0.030931
	199.2744	0.2188
	199.3651	-0.15916
	199.4558	0.056076
	199.5465	0.1783
