time sound
3364 0.046875 
3365 0.046875 
3366 0.10156 
3367 0.085938 
3368 0.11719 
3369 0.10938 
3370 0.10156 
3371 0.14063 
3372 0.085938 
3373 0.070313 
3374 0.0625 
3375 0.023438 
3376 -0.03125 
3377 -0.039063 
3378 -0.078125 
3379 -0.14063 
3380 -0.16406 
3381 -0.19531 
3382 -0.22656 
3383 -0.25 
3384 -0.25 
3385 -0.25 
3386 -0.25781 
3387 -0.23438 
3388 -0.1875 
3389 -0.1875 
3390 -0.14844 
3391 -0.09375 
3392 -0.0625 
3393 -0.023438 
3394 0.015625 
3395 0.0625 
3396 0.085938 
3397 0.11719 
3398 0.16406 
3399 0.17188 
3400 0.16406 
3401 0.20313 
3402 0.17969 
3403 0.16406 
3404 0.17969 
3405 0.13281 
3406 0.125 
3407 0.09375 
3408 0.078125 
3409 0.0625 
3410 0.023438 
3411 0.023438 
3412 0.0078125 
3413 0 
3414 -0.015625 
3415 0.015625 
3416 -0.023438 
3417 -0.015625 
3418 0 
3419 -0.03125 
3420 0.015625 
3421 0 
3422 0.046875 
3423 0.046875 
3424 0.039063 
3425 0.14063 
3426 0.070313 
3427 0.10938 
3428 0.16406 
3429 0.085938 
3430 0.125 
3431 0.09375 
3432 0.046875 
3433 0.039063 
3434 -0.0078125 
3435 -0.046875 
3436 -0.09375 
3437 -0.11719 
3438 -0.17969 
3439 -0.21094 
3440 -0.21094 
3441 -0.26563 
3442 -0.25781 
3443 -0.27344 
3444 -0.25 
3445 -0.24219 
3446 -0.22656 
3447 -0.17188 
3448 -0.15625 
3449 -0.125 
3450 -0.070313 
3451 -0.046875 
3452 -0.015625 
3453 0.03125 
3454 0.0625 
3455 0.078125 
3456 0.10156 
3457 0.13281 
3458 0.13281 
3459 0.125 
3460 0.14063 
3461 0.11719 
3462 0.10156 
3463 0.09375 
3464 0.085938 
3465 0.070313 
3466 0.054688 
3467 0.046875 
3468 0.03125 
3469 0.03125 
3470 0 
3471 0.03125 
3472 0.0078125 
3473 0 
3474 0.015625 
3475 0 
3476 0.0078125 
3477 -0.0078125 
3478 0.0078125 
3479 0.0078125 
3480 -0.023438 
3481 0.085938 
3482 0.054688 
3483 0 
3484 0.19531 
3485 0.125 
3486 0.10156 
3487 0.26563 
3488 0.20313 
3489 0.23438 
3490 0.23438 
3491 0.20313 
3492 0.21875 
3493 0.10938 
3494 0.078125 
3495 0.09375 
3496 -0.046875 
3497 -0.10156 
3498 -0.10156 
3499 -0.23438 
3500 -0.25781 
3501 -0.3125 
3502 -0.33594 
3503 -0.38281 
3504 -0.40625 
3505 -0.375 
3506 -0.375 
3507 -0.375 
3508 -0.32031 
3509 -0.24219 
3510 -0.25 
3511 -0.16406 
3512 -0.078125 
3513 -0.054688 
3514 0 
3515 0.070313 
3516 0.10938 
3517 0.14063 
3518 0.17188 
3519 0.21094 
3520 0.21094 
3521 0.1875 
3522 0.22656 
3523 0.19531 
3524 0.14844 
3525 0.15625 
3526 0.14063 
3527 0.085938 
3528 0.0625 
3529 0.070313 
3530 0.015625 
3531 0 
3532 0 
3533 -0.0078125 
3534 -0.039063 
3535 -0.023438 
3536 -0.0078125 
3537 -0.039063 
3538 -0.039063 
3539 -0.0078125 
3540 0.10156 
3541 0 
3542 0.085938 
3543 0.3125 
3544 0.0625 
3545 0.25781 
3546 0.40625 
3547 0.16406 
3548 0.32031 
3549 0.30469 
3550 0.17188 
3551 0.17969 
3552 0.078125 
3553 0.039063 
3554 -0.023438 
3555 -0.16406 
3556 -0.11719 
3557 -0.20313 
3558 -0.32031 
3559 -0.29688 
3560 -0.28906 
3561 -0.36719 
3562 -0.36719 
3563 -0.26563 
3564 -0.34375 
3565 -0.28906 
3566 -0.24219 
3567 -0.19531 
3568 -0.17188 
3569 -0.15625 
3570 -0.039063 
3571 -0.054688 
3572 -0.03125 
3573 0.046875 
3574 0.070313 
3575 0.039063 
3576 0.10156 
3577 0.125 
3578 0.085938 
3579 0.09375 
3580 0.10156 
3581 0.09375 
3582 0.046875 
3583 0.0625 
3584 0.0625 
3585 0.015625 
3586 0.015625 
3587 0.046875 
3588 0 
3589 0 
3590 0.015625 
3591 0 
3592 0.015625 
3593 -0.0078125 
3594 0.03125 
3595 0 
3596 0.0078125 
3597 0.039063 
3598 0.015625 
3599 0.078125 
3600 0.11719 
3601 0.0625 
3602 0.20313 
3603 0.25781 
3604 0.11719 
3605 0.35938 
3606 0.32813 
3607 0.19531 
3608 0.375 
3609 0.24219 
3610 0.21094 
3611 0.1875 
3612 0.039063 
3613 0.09375 
3614 -0.039063 
3615 -0.17188 
3616 -0.078125 
3617 -0.22656 
3618 -0.32031 
3619 -0.1875 
3620 -0.32031 
3621 -0.34375 
3622 -0.22656 
3623 -0.32813 
3624 -0.28906 
3625 -0.24219 
3626 -0.26563 
3627 -0.19531 
3628 -0.21875 
3629 -0.17188 
3630 -0.09375 
3631 -0.13281 
3632 -0.0625 
3633 0.0078125 
3634 -0.03125 
3635 0.03125 
3636 0.078125 
3637 0.039063 
3638 0.085938 
3639 0.10156 
3640 0.09375 
3641 0.10938 
3642 0.085938 
3643 0.10156 
3644 0.085938 
3645 0.054688 
3646 0.078125 
3647 0.054688 
3648 0.015625 
3649 0.039063 
3650 0.015625 
3651 0 
3652 -0.015625 
3653 -0.015625 
3654 -0.03125 
3655 -0.0625 
3656 -0.0625 
3657 -0.0625 
3658 -0.09375 
3659 -0.13281 
3660 -0.09375 
3661 0.039063 
3662 -0.03125 
3663 -0.078125 
3664 0.27344 
3665 0.24219 
3666 0.14844 
3667 0.48438 
3668 0.47656 
3669 0.46094 
3670 0.53125 
3671 0.46875 
3672 0.53125 
3673 0.36719 
3674 0.23438 
3675 0.33594 
3676 0.09375 
3677 -0.085938 
3678 -0.023438 
3679 -0.21094 
3680 -0.375 
3681 -0.38281 
3682 -0.46094 
3683 -0.50781 
3684 -0.5625 
3685 -0.58594 
3686 -0.46094 
3687 -0.5625 
3688 -0.54688 
3689 -0.30469 
3690 -0.42969 
3691 -0.33594 
3692 -0.14063 
3693 -0.14844 
3694 -0.078125 
3695 0.023438 
3696 0.10156 
3697 0.125 
3698 0.15625 
3699 0.25 
3700 0.27344 
3701 0.1875 
3702 0.27344 
3703 0.28906 
3704 0.17188 
3705 0.20313 
3706 0.21875 
3707 0.13281 
3708 0.078125 
3709 0.11719 
3710 0.070313 
3711 0 
3712 0 
3713 0.0078125 
3714 -0.039063 
3715 -0.09375 
3716 -0.015625 
3717 -0.070313 
3718 -0.10938 
3719 -0.046875 
3720 -0.046875 
3721 -0.070313 
3722 -0.078125 
3723 0 
3724 -0.10156 
3725 -0.09375 
3726 0.039063 
3727 0.078125 
3728 -0.085938 
3729 0.125 
3730 0.45313 
3731 0.015625 
3732 0.34375 
3733 0.60938 
3734 0.25 
3735 0.5 
3736 0.44531 
3737 0.35156 
3738 0.39844 
3739 0.11719 
3740 0.21094 
3741 0.14844 
3742 -0.21094 
3743 -0.070313 
3744 -0.19531 
3745 -0.42969 
3746 -0.36719 
3747 -0.46875 
3748 -0.49219 
3749 -0.50781 
3750 -0.53125 
3751 -0.46094 
3752 -0.41406 
3753 -0.5 
3754 -0.32031 
3755 -0.23438 
3756 -0.33594 
3757 -0.10938 
3758 -0.070313 
3759 -0.070313 
3760 0.03125 
3761 0.10156 
3762 0.14844 
3763 0.14063 
3764 0.19531 
3765 0.24219 
3766 0.19531 
3767 0.16406 
3768 0.25 
3769 0.16406 
3770 0.11719 
3771 0.17969 
3772 0.13281 
3773 0.0625 
3774 0.085938 
3775 0.10156 
3776 0.015625 
3777 0.015625 
3778 0.023438 
3779 0 
3780 -0.054688 
3781 -0.03125 
3782 0 
3783 -0.078125 
3784 -0.078125 
3785 -0.015625 
3786 -0.0625 
3787 -0.13281 
3788 -0.03125 
3789 0.10938 
3790 -0.03125 
3791 -0.078125 
3792 0.40625 
3793 0.21875 
3794 0.078125 
3795 0.61719 
3796 0.39844 
3797 0.375 
3798 0.53125 
3799 0.36719 
3800 0.46094 
3801 0.22656 
3802 0.13281 
3803 0.25781 
3804 -0.09375 
3805 -0.20313 
3806 -0.078125 
3807 -0.35938 
3808 -0.46094 
3809 -0.42188 
3810 -0.49219 
3811 -0.54688 
3812 -0.58594 
3813 -0.47656 
3814 -0.46094 
3815 -0.53906 
3816 -0.375 
3817 -0.25 
3818 -0.35938 
3819 -0.1875 
3820 -0.015625 
3821 -0.10156 
3822 -0.0078125 
3823 0.125 
3824 0.13281 
3825 0.10938 
3826 0.17969 
3827 0.25781 
3828 0.17969 
3829 0.16406 
3830 0.25781 
3831 0.1875 
3832 0.085938 
3833 0.16406 
3834 0.13281 
3835 0.03125 
3836 0.046875 
3837 0.070313 
3838 0.015625 
3839 0 
3840 0.03125 
3841 0.023438 
3842 0 
3843 0.0078125 
3844 0.046875 
3845 0.015625 
3846 0 
3847 0.054688 
3848 0.023438 
3849 0 
3850 0.023438 
3851 0 
3852 -0.023438 
3853 0.03125 
3854 0.054688 
3855 0 
3856 0.125 
3857 0.1875 
3858 0.15625 
3859 0.28125 
3860 0.32813 
3861 0.33594 
3862 0.375 
3863 0.34375 
3864 0.32031 
3865 0.28906 
3866 0.14844 
3867 0.13281 
3868 0.039063 
3869 -0.10938 
3870 -0.125 
3871 -0.25 
3872 -0.32813 
3873 -0.38281 
3874 -0.4375 
3875 -0.47656 
3876 -0.49219 
3877 -0.46094 
3878 -0.47656 
3879 -0.40625 
3880 -0.38281 
3881 -0.35156 
3882 -0.25781 
3883 -0.22656 
3884 -0.14063 
3885 -0.085938 
3886 -0.039063 
3887 0.023438 
3888 0.054688 
3889 0.10156 
3890 0.13281 
3891 0.15625 
3892 0.15625 
3893 0.17188 
3894 0.17188 
3895 0.15625 
3896 0.14063 
3897 0.14063 
3898 0.10938 
3899 0.10156 
3900 0.10938 
3901 0.078125 
3902 0.070313 
3903 0.085938 
3904 0.070313 
3905 0.0625 
3906 0.078125 
3907 0.054688 
3908 0.046875 
3909 0.054688 
3910 0.039063 
3911 0.046875 
3912 0 
3913 0.023438 
3914 0.0078125 
3915 -0.078125 
3916 -0.015625 
3917 0.09375 
3918 -0.054688 
3919 -0.03125 
3920 0.27344 
3921 0.11719 
3922 0.13281 
3923 0.39063 
3924 0.32031 
3925 0.34375 
3926 0.35938 
3927 0.34375 
3928 0.34375 
3929 0.17188 
3930 0.13281 
3931 0.15625 
3932 -0.078125 
3933 -0.16406 
3934 -0.11719 
3935 -0.32031 
3936 -0.40625 
3937 -0.39063 
3938 -0.44531 
3939 -0.50781 
3940 -0.5 
3941 -0.45313 
3942 -0.44531 
3943 -0.4375 
3944 -0.38281 
3945 -0.26563 
3946 -0.25781 
3947 -0.21094 
3948 -0.054688 
3949 -0.0625 
3950 -0.03125 
3951 0.078125 
3952 0.10156 
3953 0.10156 
3954 0.13281 
3955 0.1875 
3956 0.16406 
3957 0.14844 
3958 0.17969 
3959 0.16406 
3960 0.10938 
3961 0.10938 
3962 0.13281 
3963 0.078125 
3964 0.054688 
3965 0.085938 
3966 0.085938 
3967 0.023438 
3968 0.0625 
3969 0.085938 
3970 0.039063 
3971 0.0625 
3972 0.09375 
3973 0.054688 
3974 0.039063 
3975 0.078125 
3976 0.054688 
3977 0.015625 
3978 0.023438 
3979 -0.0078125 
3980 -0.0625 
3981 0.046875 
3982 0.10938 
3983 -0.19531 
3984 0.14063 
3985 0.39844 
3986 -0.14063 
3987 0.32813 
3988 0.49219 
3989 0.125 
3990 0.45313 
3991 0.29688 
3992 0.28906 
3993 0.32813 
3994 -0.0078125 
3995 0.21094 
3996 0.0625 
3997 -0.29688 
3998 -0.046875 
3999 -0.20313 
4000 -0.45313 
4001 -0.36719 
4002 -0.40625 
4003 -0.48438 
4004 -0.53906 
4005 -0.46875 
4006 -0.42188 
4007 -0.46875 
4008 -0.44531 
4009 -0.28125 
4010 -0.25781 
4011 -0.33594 
4012 -0.054688 
4013 -0.054688 
4014 -0.11719 
4015 0.09375 
4016 0.10156 
4017 0.09375 
4018 0.125 
4019 0.21094 
4020 0.20313 
4021 0.14063 
4022 0.21094 
4023 0.22656 
4024 0.13281 
4025 0.125 
4026 0.1875 
4027 0.09375 
4028 0.070313 
4029 0.13281 
4030 0.09375 
4031 0.054688 
4032 0.085938 
4033 0.10938 
4034 0.046875 
4035 0.046875 
4036 0.078125 
4037 0.054688 
4038 0.015625 
4039 0.046875 
4040 0.054688 
4041 -0.015625 
4042 0 
4043 0 
4044 -0.125 
4045 -0.015625 
4046 0.13281 
4047 -0.23438 
4048 0.03125 
4049 0.4375 
4050 -0.15625 
4051 0.23438 
4052 0.54688 
4053 0.10938 
4054 0.46094 
4055 0.34375 
4056 0.29688 
4057 0.41406 
4058 0.023438 
4059 0.24219 
4060 0.15625 
4061 -0.24219 
4062 -0.03125 
4063 -0.14844 
4064 -0.44531 
4065 -0.33594 
4066 -0.40625 
4067 -0.53125 
4068 -0.5 
4069 -0.52344 
4070 -0.49219 
4071 -0.44531 
4072 -0.50781 
4073 -0.33594 
4074 -0.26563 
4075 -0.36719 
4076 -0.10938 
4077 -0.0625 
4078 -0.125 
4079 0.070313 
4080 0.10156 
4081 0.09375 
4082 0.14844 
4083 0.1875 
4084 0.21875 
4085 0.17188 
4086 0.19531 
4087 0.25 
4088 0.15625 
4089 0.13281 
4090 0.20313 
4091 0.11719 
4092 0.078125 
4093 0.125 
4094 0.10938 
4095 0.0625 
4096 0.0625 
4097 0.10938 
4098 0.0625 
4099 0.03125 
4100 0.10156 
4101 0.054688 
4102 0 
4103 0.070313 
4104 0.039063 
4105 -0.023438 
4106 0.0078125 
4107 -0.023438 
4108 -0.125 
4109 -0.015625 
4110 0.14844 
4111 -0.25781 
4112 0.023438 
4113 0.48438 
4114 -0.21875 
4115 0.24219 
4116 0.58594 
4117 0.054688 
4118 0.47656 
4119 0.34375 
4120 0.27344 
4121 0.42188 
4122 0.015625 
4123 0.23438 
4124 0.17969 
4125 -0.26563 
4126 0 
4127 -0.125 
4128 -0.44531 
4129 -0.30469 
4130 -0.39063 
4131 -0.48438 
4132 -0.5 
4133 -0.52344 
4134 -0.4375 
4135 -0.46875 
4136 -0.51563 
4137 -0.34375 
4138 -0.27344 
4139 -0.40625 
4140 -0.13281 
4141 -0.0625 
4142 -0.17969 
4143 0.046875 
4144 0.078125 
4145 0.085938 
4146 0.125 
4147 0.19531 
4148 0.25 
4149 0.16406 
4150 0.21875 
4151 0.28906 
4152 0.17188 
4153 0.14844 
4154 0.25 
4155 0.14063 
4156 0.085938 
4157 0.14844 
4158 0.10156 
4159 0.0625 
4160 0.054688 
4161 0.085938 
4162 0.046875 
4163 0 
4164 0.0625 
4165 0.046875 
4166 -0.03125 
4167 0.03125 
4168 0.046875 
4169 -0.046875 
4170 0 
4171 0 
4172 -0.14063 
4173 0.015625 
4174 0.125 
4175 -0.21875 
4176 0.078125 
4177 0.375 
4178 -0.09375 
4179 0.26563 
4180 0.47656 
4181 0.16406 
4182 0.42969 
4183 0.35938 
4184 0.28906 
4185 0.36719 
4186 0.10156 
4187 0.1875 
4188 0.15625 
4189 -0.20313 
4190 -0.046875 
4191 -0.10156 
4192 -0.44531 
4193 -0.30469 
4194 -0.36719 
4195 -0.53125 
4196 -0.47656 
4197 -0.5 
4198 -0.49219 
4199 -0.46875 
4200 -0.46875 
4201 -0.39063 
4202 -0.29688 
4203 -0.33594 
4204 -0.17969 
4205 -0.070313 
4206 -0.13281 
4207 0.039063 
4208 0.09375 
4209 0.085938 
4210 0.16406 
4211 0.19531 
4212 0.22656 
4213 0.20313 
4214 0.21094 
4215 0.24219 
4216 0.1875 
4217 0.15625 
4218 0.19531 
4219 0.14063 
4220 0.085938 
4221 0.10938 
4222 0.085938 
4223 0.054688 
4224 0.046875 
4225 0.0625 
4226 0.039063 
4227 0.023438 
4228 0.039063 
4229 0.039063 
4230 0.023438 
4231 0.03125 
4232 0.039063 
4233 0.0078125 
4234 0.015625 
4235 0.0078125 
4236 -0.0078125 
4237 -0.070313 
4238 0.054688 
4239 0.070313 
4240 -0.21094 
4241 0.22656 
4242 0.27344 
4243 -0.17969 
4244 0.42969 
4245 0.35938 
4246 0.054688 
4247 0.49219 
4248 0.25781 
4249 0.25781 
4250 0.3125 
4251 0.046875 
4252 0.21875 
4253 0.046875 
4254 -0.19531 
4255 0.0078125 
4256 -0.20313 
4257 -0.42188 
4258 -0.24219 
4259 -0.39844 
4260 -0.51563 
4261 -0.42969 
4262 -0.47656 
4263 -0.47656 
4264 -0.46094 
4265 -0.44531 
4266 -0.33594 
4267 -0.32031 
4268 -0.32031 
4269 -0.10156 
4270 -0.11719 
4271 -0.11719 
4272 0.10156 
4273 0.0625 
4274 0.085938 
4275 0.20313 
4276 0.21094 
4277 0.20313 
4278 0.21094 
4279 0.25 
4280 0.21875 
4281 0.17188 
4282 0.1875 
4283 0.1875 
4284 0.10938 
4285 0.10156 
4286 0.13281 
4287 0.070313 
4288 0.03125 
4289 0.070313 
4290 0.054688 
4291 0 
4292 0.03125 
4293 0.039063 
4294 0 
4295 0.015625 
4296 0.03125 
4297 0.015625 
4298 0 
4299 0.03125 
4300 0.023438 
4301 0 
4302 -0.0078125 
4303 0 
4304 0.10938 
4305 -0.03125 
4306 0 
4307 0.28125 
4308 0.039063 
4309 0.10938 
4310 0.375 
4311 0.15625 
4312 0.25781 
4313 0.28906 
4314 0.17188 
4315 0.25781 
4316 0.078125 
4317 0.070313 
4318 0.125 
4319 -0.11719 
4320 -0.10938 
4321 -0.09375 
4322 -0.28125 
4323 -0.3125 
4324 -0.3125 
4325 -0.38281 
4326 -0.42188 
4327 -0.4375 
4328 -0.40625 
4329 -0.42188 
4330 -0.42188 
4331 -0.34375 
4332 -0.26563 
4333 -0.29688 
4334 -0.21875 
4335 -0.046875 
4336 -0.10938 
4337 -0.039063 
4338 0.10938 
4339 0.078125 
4340 0.10938 
4341 0.17188 
4342 0.21875 
4343 0.15625 
4344 0.17188 
4345 0.25 
4346 0.16406 
4347 0.14063 
4348 0.1875 
4349 0.16406 
4350 0.078125 
4351 0.10938 
4352 0.13281 
4353 0.039063 
4354 0.0625 
4355 0.09375 
4356 0.046875 
4357 0.03125 
4358 0.054688 
4359 0.0625 
4360 0.023438 
4361 0.03125 
4362 0.0625 
4363 0.03125 
4364 0 
4365 0.054688 
4366 0.015625 
4367 -0.015625 
4368 -0.03125 
4369 0.03125 
4370 0.070313 
4371 -0.125 
4372 0.125 
4373 0.21094 
4374 -0.0625 
4375 0.24219 
4376 0.27344 
4377 0.125 
4378 0.27344 
4379 0.21094 
4380 0.21875 
4381 0.17188 
4382 0.046875 
4383 0.14844 
4384 0.03125 
4385 -0.14844 
4386 -0.054688 
4387 -0.14844 
4388 -0.32813 
4389 -0.28906 
4390 -0.30469 
4391 -0.40625 
4392 -0.4375 
4393 -0.39063 
4394 -0.39844 
4395 -0.41406 
4396 -0.39063 
4397 -0.30469 
4398 -0.25781 
4399 -0.30469 
4400 -0.13281 
4401 -0.0625 
4402 -0.125 
4403 0.046875 
4404 0.10156 
4405 0.070313 
4406 0.15625 
4407 0.19531 
4408 0.19531 
4409 0.17969 
4410 0.21875 
4411 0.22656 
4412 0.1875 
4413 0.17188 
4414 0.19531 
4415 0.15625 
4416 0.10156 
4417 0.14844 
4418 0.125 
4419 0.0625 
4420 0.09375 
4421 0.078125 
4422 0.03125 
4423 0.03125 
4424 0.054688 
4425 0.03125 
4426 0.0078125 
4427 0.03125 
4428 0.039063 
4429 0 
4430 0.0078125 
4431 0.023438 
4432 -0.015625 
4433 -0.015625 
4434 -0.0078125 
4435 -0.085938 
4436 0.023438 
4437 0.046875 
4438 -0.16406 
4439 0.13281 
4440 0.17188 
4441 -0.10156 
4442 0.26563 
4443 0.24219 
4444 0.09375 
4445 0.28906 
4446 0.1875 
4447 0.21875 
4448 0.17969 
4449 0.054688 
4450 0.17188 
4451 0.0078125 
4452 -0.14844 
4453 -0.023438 
4454 -0.17188 
4455 -0.33594 
4456 -0.25 
4457 -0.32813 
4458 -0.40625 
4459 -0.41406 
4460 -0.39063 
4461 -0.39844 
4462 -0.41406 
4463 -0.375 
4464 -0.3125 
4465 -0.28906 
4466 -0.28125 
4467 -0.11719 
4468 -0.085938 
4469 -0.085938 
4470 0.078125 
4471 0.09375 
4472 0.10938 
4473 0.1875 
4474 0.22656 
4475 0.21875 
4476 0.21875 
4477 0.26563 
4478 0.24219 
4479 0.20313 
4480 0.21875 
4481 0.22656 
4482 0.14844 
4483 0.14063 
4484 0.16406 
4485 0.09375 
4486 0.070313 
4487 0.085938 
4488 0.054688 
4489 0.015625 
4490 0.023438 
4491 0.039063 
4492 -0.0078125 
4493 -0.0078125 
4494 0.023438 
4495 -0.0078125 
4496 -0.015625 
4497 0.015625 
4498 0 
4499 -0.023438 
4500 0.0078125 
4501 -0.023438 
4502 -0.054688 
4503 -0.023438 
4504 0.046875 
4505 -0.039063 
4506 -0.046875 
4507 0.19531 
4508 0.03125 
4509 0.039063 
4510 0.29688 
4511 0.125 
4512 0.17969 
4513 0.24219 
4514 0.16406 
4515 0.1875 
4516 0.054688 
4517 0.0625 
4518 0.0625 
4519 -0.13281 
4520 -0.11719 
4521 -0.11719 
4522 -0.29688 
4523 -0.30469 
4524 -0.29688 
4525 -0.375 
4526 -0.39063 
4527 -0.38281 
4528 -0.35938 
4529 -0.375 
4530 -0.35938 
4531 -0.28906 
4532 -0.24219 
4533 -0.21094 
4534 -0.16406 
4535 -0.039063 
4536 -0.03125 
4537 0 
4538 0.13281 
4539 0.125 
4540 0.15625 
4541 0.21875 
4542 0.23438 
4543 0.21875 
4544 0.23438 
4545 0.26563 
4546 0.22656 
4547 0.21094 
4548 0.21094 
4549 0.1875 
4550 0.14063 
4551 0.125 
4552 0.13281 
4553 0.0625 
4554 0.039063 
4555 0.0625 
4556 0.0078125 
4557 -0.0078125 
4558 0.0078125 
4559 -0.0078125 
4560 -0.03125 
4561 -0.015625 
4562 -0.0078125 
4563 -0.015625 
4564 -0.023438 
4565 0 
4566 0 
4567 -0.023438 
4568 0.0078125 
4569 -0.023438 
4570 -0.054688 
4571 0 
4572 0.054688 
4573 -0.0625 
4574 0.023438 
4575 0.21875 
4576 -0.0078125 
4577 0.125 
4578 0.29688 
4579 0.070313 
4580 0.21875 
4581 0.1875 
4582 0.11719 
4583 0.14844 
4584 -0.015625 
4585 0.039063 
4586 -0.0078125 
4587 -0.19531 
4588 -0.13281 
4589 -0.16406 
4590 -0.32813 
4591 -0.29688 
4592 -0.28906 
4593 -0.36719 
4594 -0.35156 
4595 -0.33594 
4596 -0.3125 
4597 -0.32031 
4598 -0.28906 
4599 -0.22656 
4600 -0.20313 
4601 -0.16406 
4602 -0.10156 
4603 -0.046875 
4604 0.015625 
4605 0.054688 
4606 0.10938 
4607 0.19531 
4608 0.15625 
4609 0.22656 
4610 0.28906 
4611 0.21094 
4612 0.25781 
4613 0.26563 
4614 0.21875 
4615 0.19531 
4616 0.19531 
4617 0.17188 
4618 0.10938 
4619 0.10156 
4620 0.085938 
4621 0.046875 
4622 0.0078125 
4623 0.023438 
4624 0 
4625 -0.046875 
4626 -0.015625 
4627 -0.015625 
4628 -0.046875 
4629 -0.039063 
4630 0 
4631 -0.015625 
4632 -0.023438 
4633 0.023438 
4634 -0.0078125 
4635 -0.0078125 
4636 0.023438 
4637 -0.0078125 
4638 -0.039063 
4639 0 
4640 0.09375 
4641 -0.0625 
4642 0 
4643 0.25781 
4644 -0.023438 
4645 0.078125 
4646 0.28906 
4647 0.054688 
4648 0.15625 
4649 0.14063 
4650 0.078125 
4651 0.09375 
4652 -0.0625 
4653 0 
4654 -0.03125 
4655 -0.20313 
4656 -0.15625 
4657 -0.14844 
4658 -0.28125 
4659 -0.28906 
4660 -0.23438 
4661 -0.28906 
4662 -0.32031 
4663 -0.27344 
4664 -0.25 
4665 -0.27344 
4666 -0.24219 
4667 -0.1875 
4668 -0.15625 
4669 -0.16406 
4670 -0.085938 
4671 0 
4672 -0.039063 
4673 0.0625 
4674 0.14844 
4675 0.125 
4676 0.19531 
4677 0.23438 
4678 0.25781 
4679 0.21875 
4680 0.24219 
4681 0.26563 
4682 0.1875 
4683 0.19531 
4684 0.1875 
4685 0.14844 
4686 0.10156 
4687 0.10156 
4688 0.078125 
4689 0.0078125 
4690 0.0078125 
4691 0.0078125 
4692 -0.03125 
4693 -0.054688 
4694 -0.023438 
4695 -0.054688 
4696 -0.070313 
4697 -0.015625 
4698 -0.023438 
4699 -0.023438 
4700 0 
4701 0.015625 
4702 0.0078125 
4703 0 
4704 0.039063 
4705 0 
4706 -0.039063 
4707 -0.023438 
4708 0.10156 
4709 -0.054688 
4710 -0.13281 
4711 0.29688 
4712 -0.015625 
4713 -0.10156 
4714 0.39063 
4715 0.039063 
4716 0.0625 
4717 0.24219 
4718 0.078125 
4719 0.125 
4720 -0.023438 
4721 0.03125 
4722 0.046875 
4723 -0.19531 
4724 -0.11719 
4725 -0.078125 
4726 -0.26563 
4727 -0.29688 
4728 -0.17969 
4729 -0.26563 
4730 -0.34375 
4731 -0.25 
4732 -0.23438 
4733 -0.29688 
4734 -0.26563 
4735 -0.19531 
4736 -0.17969 
4737 -0.19531 
4738 -0.13281 
4739 0 
4740 -0.0625 
4741 0 
4742 0.1875 
4743 0.0625 
4744 0.1875 
4745 0.27344 
4746 0.20313 
4747 0.28906 
4748 0.24219 
4749 0.27344 
4750 0.24219 
4751 0.19531 
4752 0.21875 
4753 0.15625 
4754 0.13281 
4755 0.085938 
4756 0.09375 
4757 0.015625 
4758 0 
4759 0.0078125 
4760 -0.054688 
4761 -0.039063 
4762 -0.0625 
4763 -0.0625 
4764 -0.046875 
4765 -0.054688 
4766 -0.023438 
4767 -0.0078125 
4768 0 
4769 0 
4770 0.023438 
4771 0 
4772 0 
4773 0.0078125 
4774 -0.046875 
4775 -0.078125 
4776 -0.054688 
4777 0.078125 
4778 -0.21094 
4779 -0.09375 
4780 0.35156 
4781 -0.24219 
4782 0.023438 
4783 0.46094 
4784 -0.125 
4785 0.22656 
4786 0.25781 
4787 0.023438 
4788 0.24219 
4789 -0.046875 
4790 0.078125 
4791 0.10938 
4792 -0.21875 
4793 -0.054688 
4794 -0.03125 
4795 -0.3125 
4796 -0.24219 
4797 -0.14063 
4798 -0.3125 
4799 -0.32813 
4800 -0.24219 
4801 -0.26563 
4802 -0.30469 
4803 -0.26563 
4804 -0.21094 
4805 -0.17969 
4806 -0.21875 
4807 -0.125 
4808 0.0078125 
4809 -0.070313 
4810 0.015625 
4811 0.17188 
4812 0.125 
4813 0.15625 
4814 0.26563 
4815 0.28906 
4816 0.21875 
4817 0.26563 
4818 0.32031 
4819 0.21875 
4820 0.17969 
4821 0.23438 
4822 0.17188 
4823 0.0625 
4824 0.09375 
4825 0.09375 
4826 -0.0078125 
4827 -0.015625 
4828 0.0078125 
4829 -0.039063 
4830 -0.09375 
4831 -0.023438 
4832 -0.015625 
4833 -0.078125 
4834 -0.03125 
4835 0.023438 
4836 0 
4837 -0.03125 
4838 0.046875 
4839 0.023438 
4840 -0.046875 
4841 0.015625 
4842 -0.0078125 
4843 -0.085938 
4844 -0.085938 
4845 -0.15625 
4846 0.0078125 
4847 -0.078125 
4848 -0.32813 
4849 0.25781 
4850 0.039063 
4851 -0.29688 
4852 0.47656 
4853 0.10156 
4854 0 
4855 0.40625 
4856 0.0625 
4857 0.24219 
4858 0.09375 
4859 0.015625 
4860 0.24219 
4861 -0.10938 
4862 -0.10938 
4863 0.046875 
4864 -0.1875 
4865 -0.28906 
4866 -0.13281 
4867 -0.21875 
4868 -0.375 
4869 -0.27344 
4870 -0.23438 
4871 -0.33594 
4872 -0.32031 
4873 -0.22656 
4874 -0.22656 
4875 -0.22656 
4876 -0.17969 
4877 -0.054688 
4878 -0.039063 
4879 -0.039063 
4880 0.11719 
4881 0.16406 
4882 0.15625 
4883 0.20313 
4884 0.32031 
4885 0.27344 
4886 0.20313 
4887 0.35156 
4888 0.26563 
4889 0.16406 
4890 0.24219 
4891 0.20313 
4892 0.10938 
4893 0.09375 
4894 0.10156 
4895 0.039063 
4896 -0.023438 
4897 0 
4898 0.015625 
4899 -0.10156 
4900 -0.070313 
4901 0 
4902 -0.09375 
4903 -0.070313 
4904 0.015625 
4905 -0.03125 
4906 -0.046875 
4907 0.015625 
4908 0.0078125 
4909 -0.03125 
4910 -0.015625 
4911 -0.015625 
4912 -0.0625 
4913 -0.10938 
4914 -0.10156 
4915 -0.17969 
4916 0 
4917 -0.11719 
4918 -0.32813 
4919 0.32813 
4920 -0.054688 
4921 -0.23438 
4922 0.58594 
4923 0 
4924 0.085938 
4925 0.47656 
4926 0.070313 
4927 0.30469 
4928 0.14844 
4929 0.10156 
4930 0.25781 
4931 -0.09375 
4932 -0.046875 
4933 0.054688 
4934 -0.22656 
4935 -0.28906 
4936 -0.13281 
4937 -0.3125 
4938 -0.40625 
4939 -0.27344 
4940 -0.34375 
4941 -0.38281 
4942 -0.33594 
4943 -0.30469 
4944 -0.25 
4945 -0.25781 
4946 -0.17969 
4947 -0.023438 
4948 -0.085938 
4949 0.023438 
4950 0.17969 
4951 0.13281 
4952 0.21875 
4953 0.28125 
4954 0.32813 
4955 0.28125 
4956 0.29688 
4957 0.36719 
4958 0.25 
4959 0.24219 
4960 0.25 
4961 0.1875 
4962 0.11719 
4963 0.10156 
4964 0.085938 
4965 -0.0078125 
4966 -0.015625 
4967 -0.015625 
4968 -0.054688 
4969 -0.10156 
4970 -0.070313 
4971 -0.054688 
4972 -0.10938 
4973 -0.054688 
4974 -0.023438 
4975 -0.046875 
4976 -0.023438 
4977 0.0078125 
4978 0.0078125 
4979 -0.03125 
4980 0.0078125 
4981 0 
4982 -0.078125 
4983 -0.0625 
4984 -0.09375 
4985 -0.17969 
4986 -0.0625 
4987 -0.023438 
4988 -0.3125 
4989 0.078125 
4990 0.15625 
4991 -0.26563 
4992 0.3125 
4993 0.25781 
4994 -0.0078125 
4995 0.39844 
4996 0.1875 
4997 0.21094 
4998 0.26563 
4999 0.046875 
5000 0.22656 
5001 0.054688 
5002 -0.125 
5003 0.039063 
5004 -0.11719 
5005 -0.30469 
5006 -0.1875 
5007 -0.24219 
5008 -0.39063 
5009 -0.33594 
5010 -0.30469 
5011 -0.36719 
5012 -0.35938 
5013 -0.28906 
5014 -0.24219 
5015 -0.23438 
5016 -0.17969 
5017 -0.023438 
5018 -0.015625 
5019 0 
5020 0.17969 
5021 0.17969 
5022 0.19531 
5023 0.28906 
5024 0.32031 
5025 0.28125 
5026 0.28906 
5027 0.33594 
5028 0.25781 
5029 0.21875 
5030 0.21875 
5031 0.16406 
5032 0.10938 
5033 0.0625 
5034 0.054688 
5035 -0.0078125 
5036 -0.054688 
5037 -0.03125 
5038 -0.078125 
5039 -0.10938 
5040 -0.070313 
5041 -0.078125 
5042 -0.10156 
5043 -0.046875 
5044 -0.03125 
5045 -0.039063 
5046 -0.015625 
5047 -0.0078125 
5048 -0.0078125 
5049 -0.015625 
5050 -0.023438 
5051 -0.0078125 
5052 -0.078125 
5053 -0.070313 
5054 -0.10156 
5055 -0.078125 
5056 0.046875 
5057 -0.26563 
5058 0.023438 
5059 0.30469 
5060 -0.28906 
5061 0.25781 
5062 0.40625 
5063 -0.070313 
5064 0.39063 
5065 0.24219 
5066 0.16406 
5067 0.26563 
5068 0.039063 
5069 0.1875 
5070 0.054688 
5071 -0.15625 
5072 -0.023438 
5073 -0.09375 
5074 -0.33594 
5075 -0.25781 
5076 -0.21875 
5077 -0.41406 
5078 -0.38281 
5079 -0.30469 
5080 -0.36719 
5081 -0.375 
5082 -0.30469 
5083 -0.23438 
5084 -0.20313 
5085 -0.21094 
5086 -0.015625 
5087 0.039063 
5088 -0.039063 
5089 0.20313 
5090 0.24219 
5091 0.16406 
5092 0.29688 
5093 0.34375 
5094 0.29688 
5095 0.25781 
5096 0.34375 
5097 0.28906 
5098 0.17188 
5099 0.21875 
5100 0.1875 
5101 0.078125 
5102 0.039063 
5103 0.078125 
5104 0 
5105 -0.085938 
5106 -0.03125 
5107 -0.054688 
5108 -0.14063 
5109 -0.10156 
5110 -0.046875 
5111 -0.11719 
5112 -0.09375 
5113 -0.015625 
5114 -0.039063 
5115 -0.039063 
5116 0 
5117 0.023438 
5118 -0.0078125 
5119 0 
5120 0.023438 
5121 -0.039063 
5122 -0.046875 
5123 -0.10156 
5124 -0.039063 
5125 0.070313 
5126 -0.26563 
5127 0 
5128 0.35938 
5129 -0.28906 
5130 0.15625 
5131 0.49219 
5132 -0.125 
5133 0.32813 
5134 0.29688 
5135 0.10156 
5136 0.28125 
5137 0 
5138 0.17969 
5139 0.09375 
5140 -0.20313 
5141 -0.015625 
5142 -0.078125 
5143 -0.34375 
5144 -0.28125 
5145 -0.1875 
5146 -0.38281 
5147 -0.41406 
5148 -0.27344 
5149 -0.33594 
5150 -0.38281 
5151 -0.28125 
5152 -0.21875 
5153 -0.20313 
5154 -0.20313 
5155 -0.039063 
5156 0.0625 
5157 -0.046875 
5158 0.15625 
5159 0.25 
5160 0.13281 
5161 0.26563 
5162 0.32031 
5163 0.29688 
5164 0.24219 
5165 0.28906 
5166 0.3125 
5167 0.16406 
5168 0.1875 
5169 0.21094 
5170 0.10156 
5171 0.039063 
5172 0.070313 
5173 0.023438 
5174 -0.0625 
5175 -0.046875 
5176 -0.03125 
5177 -0.09375 
5178 -0.125 
5179 -0.046875 
5180 -0.0625 
5181 -0.11719 
5182 -0.015625 
5183 0 
5184 -0.054688 
5185 0 
5186 0.039063 
5187 -0.015625 
5188 0 
5189 0.0078125 
5190 -0.023438 
5191 -0.054688 
5192 -0.125 
5193 0.070313 
5194 -0.015625 
5195 -0.28906 
5196 0.28125 
5197 0.09375 
5198 -0.25 
5199 0.4375 
5200 0.17188 
5201 0.0078125 
5202 0.35938 
5203 0.125 
5204 0.22656 
5205 0.125 
5206 0.0078125 
5207 0.21875 
5208 -0.070313 
5209 -0.17188 
5210 0.0078125 
5211 -0.1875 
5212 -0.34375 
5213 -0.21094 
5214 -0.24219 
5215 -0.39844 
5216 -0.35938 
5217 -0.27344 
5218 -0.35156 
5219 -0.35938 
5220 -0.26563 
5221 -0.21875 
5222 -0.20313 
5223 -0.1875 
5224 0 
5225 0.015625 
5226 -0.023438 
5227 0.19531 
5228 0.21875 
5229 0.17188 
5230 0.27344 
5231 0.34375 
5232 0.28125 
5233 0.24219 
5234 0.33594 
5235 0.26563 
5236 0.17188 
5237 0.21094 
5238 0.17188 
5239 0.070313 
5240 0.03125 
5241 0.054688 
5242 -0.023438 
5243 -0.085938 
5244 -0.046875 
5245 -0.0625 
5246 -0.125 
5247 -0.10938 
5248 -0.046875 
5249 -0.09375 
5250 -0.085938 
5251 -0.015625 
5252 -0.03125 
5253 -0.039063 
5254 0 
5255 0.023438 
5256 -0.023438 
5257 -0.0078125 
5258 0 
5259 -0.078125 
5260 -0.039063 
5261 0.11719 
5262 -0.10156 
5263 -0.09375 
5264 0.38281 
5265 -0.0625 
5266 -0.023438 
5267 0.47656 
5268 -0.0078125 
5269 0.13281 
5270 0.26563 
5271 0.03125 
5272 0.16406 
5273 -0.015625 
5274 0.0078125 
5275 0.070313 
5276 -0.17188 
5277 -0.125 
5278 -0.03125 
5279 -0.23438 
5280 -0.26563 
5281 -0.125 
5282 -0.21875 
5283 -0.28906 
5284 -0.21094 
5285 -0.17969 
5286 -0.24219 
5287 -0.21094 
5288 -0.14063 
5289 -0.10156 
5290 -0.125 
5291 -0.070313 
5292 0.10156 
5293 0.0078125 
5294 0.078125 
5295 0.26563 
5296 0.19531 
5297 0.22656 
5298 0.32813 
5299 0.35938 
5300 0.27344 
5301 0.32031 
5302 0.38281 
5303 0.24219 
5304 0.21875 
5305 0.25 
5306 0.17188 
5307 0.046875 
5308 0.054688 
5309 0.046875 
5310 -0.09375 
5311 -0.10156 
5312 -0.054688 
5313 -0.10156 
5314 -0.1875 
5315 -0.054688 
5316 -0.015625 
5317 -0.125 
5318 0.054688 
5319 0.11719 
5320 0.046875 
5321 0.14844 
5322 0.16406 
5323 0.10156 
5324 0.09375 
5325 -0.023438 
5326 -0.125 
5327 -0.046875 
5328 0.039063 
5329 -0.26563 
5330 -0.14844 
5331 0.60938 
5332 0.0078125 
5333 0.09375 
5334 0.99219 
5335 0.39844 
5336 0.48438 
5337 0.83594 
5338 0.60156 
5339 0.41406 
5340 0.20313 
5341 0.3125 
5342 -0.085938 
5343 -0.49219 
5344 -0.45313 
5345 -0.59375 
5346 -0.80469 
5347 -0.90625 
5348 -0.83594 
5349 -0.82813 
5350 -0.96094 
5351 -0.96094 
5352 -0.84375 
5353 -0.95313 
5354 -0.84375 
5355 -0.73438 
5356 -0.6875 
5357 -0.39844 
5358 -0.42969 
5359 -0.17188 
5360 0.13281 
5361 0.10156 
5362 0.39844 
5363 0.59375 
5364 0.65625 
5365 0.74219 
5366 0.85156 
5367 0.90625 
5368 0.73438 
5369 0.8125 
5370 0.75781 
5371 0.47656 
5372 0.55469 
5373 0.4375 
5374 0.16406 
5375 0.24219 
5376 0.13281 
5377 -0.039063 
5378 -0.054688 
5379 -0.039063 
5380 -0.046875 
5381 -0.21875 
5382 -0.03125 
5383 0.070313 
5384 -0.15625 
5385 0.09375 
5386 0.21094 
5387 0 
5388 0.17969 
5389 0.23438 
5390 0.054688 
5391 0.10938 
5392 0.0078125 
5393 -0.09375 
5394 0 
5395 0.11719 
5396 -0.0625 
5397 -0.070313 
5398 0.64063 
5399 0.27344 
5400 0.10938 
5401 0.97656 
5402 0.53125 
5403 0.39844 
5404 0.69531 
5405 0.49219 
5406 0.32031 
5407 0.046875 
5408 0.14063 
5409 -0.085938 
5410 -0.46094 
5411 -0.47656 
5412 -0.57031 
5413 -0.76563 
5414 -0.97656 
5415 -0.86719 
5416 -0.80469 
5417 -0.96875 
5418 -0.94531 
5419 -0.77344 
5420 -0.89063 
5421 -0.82031 
5422 -0.64063 
5423 -0.64063 
5424 -0.42969 
5425 -0.39844 
5426 -0.20313 
5427 0.0078125 
5428 0.023438 
5429 0.28906 
5430 0.41406 
5431 0.49219 
5432 0.59375 
5433 0.69531 
5434 0.72656 
5435 0.64844 
5436 0.71875 
5437 0.64844 
5438 0.50781 
5439 0.5 
5440 0.44531 
5441 0.26563 
5442 0.1875 
5443 0.20313 
5444 0.046875 
5445 -0.085938 
5446 -0.0625 
5447 -0.046875 
5448 -0.1875 
5449 -0.1875 
5450 -0.03125 
5451 -0.10156 
5452 -0.11719 
5453 0.0625 
5454 0.078125 
5455 -0.0078125 
5456 0.14063 
5457 0.13281 
5458 0.0078125 
5459 0.11719 
5460 -0.03125 
5461 -0.10156 
5462 0.054688 
5463 0.085938 
5464 -0.14844 
5465 0.023438 
5466 0.58594 
5467 0.054688 
5468 0.19531 
5469 0.88281 
5470 0.32031 
5471 0.33594 
5472 0.60156 
5473 0.40625 
5474 0.14844 
5475 0.015625 
5476 0.15625 
5477 -0.19531 
5478 -0.42188 
5479 -0.35156 
5480 -0.49219 
5481 -0.67188 
5482 -0.78906 
5483 -0.70313 
5484 -0.71094 
5485 -0.89844 
5486 -0.78906 
5487 -0.64063 
5488 -0.79688 
5489 -0.65625 
5490 -0.54688 
5491 -0.51563 
5492 -0.33594 
5493 -0.34375 
5494 -0.125 
5495 0.015625 
5496 0.046875 
5497 0.27344 
5498 0.35938 
5499 0.46094 
5500 0.50781 
5501 0.58594 
5502 0.64063 
5503 0.53906 
5504 0.61719 
5505 0.5625 
5506 0.42188 
5507 0.44531 
5508 0.39063 
5509 0.22656 
5510 0.17188 
5511 0.20313 
5512 0.039063 
5513 -0.070313 
5514 0.015625 
5515 -0.015625 
5516 -0.1875 
5517 -0.10156 
5518 0.023438 
5519 -0.125 
5520 -0.070313 
5521 0.125 
5522 0.023438 
5523 0.0078125 
5524 0.17188 
5525 0.046875 
5526 0.0078125 
5527 0.078125 
5528 -0.10156 
5529 -0.10156 
5530 0.039063 
5531 0.03125 
5532 -0.22656 
5533 0.17969 
5534 0.51563 
5535 -0.09375 
5536 0.42969 
5537 0.82031 
5538 0.20313 
5539 0.42188 
5540 0.58594 
5541 0.32813 
5542 0.0078125 
5543 0.054688 
5544 0.070313 
5545 -0.39844 
5546 -0.42188 
5547 -0.39063 
5548 -0.57813 
5549 -0.71094 
5550 -0.76563 
5551 -0.64063 
5552 -0.74219 
5553 -0.88281 
5554 -0.64844 
5555 -0.64063 
5556 -0.76563 
5557 -0.53125 
5558 -0.49219 
5559 -0.42969 
5560 -0.32031 
5561 -0.24219 
5562 -0.015625 
5563 -0.023438 
5564 0.14844 
5565 0.35938 
5566 0.33594 
5567 0.49219 
5568 0.58594 
5569 0.60156 
5570 0.57031 
5571 0.60156 
5572 0.64844 
5573 0.46875 
5574 0.42188 
5575 0.5 
5576 0.32813 
5577 0.16406 
5578 0.25 
5579 0.1875 
5580 -0.03125 
5581 -0.023438 
5582 0.046875 
5583 -0.10156 
5584 -0.21094 
5585 -0.023438 
5586 -0.046875 
5587 -0.1875 
5588 0 
5589 0.070313 
5590 -0.046875 
5591 0.078125 
5592 0.14844 
5593 -0.039063 
5594 0.078125 
5595 0.070313 
5596 -0.19531 
5597 -0.078125 
5598 0.13281 
5599 0 
5600 -0.26563 
5601 0.42188 
5602 0.54688 
5603 -0.13281 
5604 0.66406 
5605 0.82031 
5606 0.20313 
5607 0.50781 
5608 0.60156 
5609 0.33594 
5610 -0.039063 
5611 0.085938 
5612 0.070313 
5613 -0.47656 
5614 -0.44531 
5615 -0.41406 
5616 -0.61719 
5617 -0.82031 
5618 -0.83594 
5619 -0.64063 
5620 -0.86719 
5621 -0.94531 
5622 -0.64844 
5623 -0.78125 
5624 -0.8125 
5625 -0.59375 
5626 -0.57031 
5627 -0.44531 
5628 -0.41406 
5629 -0.20313 
5630 0.0078125 
5631 -0.046875 
5632 0.25 
5633 0.42188 
5634 0.40625 
5635 0.5625 
5636 0.67188 
5637 0.71094 
5638 0.59375 
5639 0.70313 
5640 0.74219 
5641 0.46094 
5642 0.49219 
5643 0.53906 
5644 0.3125 
5645 0.21094 
5646 0.23438 
5647 0.15625 
5648 -0.015625 
5649 -0.0625 
5650 0.015625 
5651 -0.14063 
5652 -0.23438 
5653 -0.0625 
5654 -0.13281 
5655 -0.17188 
5656 -0.03125 
5657 0.015625 
5658 -0.0078125 
5659 0.03125 
5660 0.14844 
5661 0 
5662 0.0078125 
5663 0.10938 
5664 -0.14844 
5665 -0.17969 
5666 0.015625 
5667 0.054688 
5668 -0.25781 
5669 0.015625 
5670 0.61719 
5671 -0.015625 
5672 0.23438 
5673 0.9375 
5674 0.35156 
5675 0.36719 
5676 0.63281 
5677 0.48438 
5678 0.10938 
5679 0.015625 
5680 0.21094 
5681 -0.26563 
5682 -0.44531 
5683 -0.36719 
5684 -0.53906 
5685 -0.71094 
5686 -0.875 
5687 -0.69531 
5688 -0.77344 
5689 -0.99219 
5690 -0.76563 
5691 -0.73438 
5692 -0.82031 
5693 -0.67969 
5694 -0.57031 
5695 -0.42969 
5696 -0.42969 
5697 -0.25781 
5698 0.039063 
5699 -0.015625 
5700 0.20313 
5701 0.42969 
5702 0.42969 
5703 0.54688 
5704 0.63281 
5705 0.72656 
5706 0.59375 
5707 0.60938 
5708 0.72656 
5709 0.5 
5710 0.41406 
5711 0.49219 
5712 0.39063 
5713 0.17188 
5714 0.17188 
5715 0.23438 
5716 0.0078125 
5717 -0.085938 
5718 0.046875 
5719 -0.046875 
5720 -0.21094 
5721 -0.03125 
5722 0 
5723 -0.11719 
5724 0 
5725 0.10156 
5726 0.054688 
5727 0.039063 
5728 0.15625 
5729 0.046875 
5730 -0.054688 
5731 0.054688 
5732 -0.13281 
5733 -0.26563 
5734 -0.10156 
5735 0.03125 
5736 -0.28125 
5737 -0.14844 
5738 0.58594 
5739 0.03125 
5740 0.10156 
5741 0.95313 
5742 0.46094 
5743 0.39063 
5744 0.67188 
5745 0.57813 
5746 0.25 
5747 0.039063 
5748 0.25781 
5749 -0.16406 
5750 -0.44531 
5751 -0.39063 
5752 -0.5625 
5753 -0.75781 
5754 -0.96094 
5755 -0.75 
5756 -0.76563 
5757 -0.99219 
5758 -0.8125 
5759 -0.80469 
5760 -0.85938 
5761 -0.72656 
5762 -0.67188 
5763 -0.49219 
5764 -0.45313 
5765 -0.28906 
5766 0.0078125 
5767 -0.023438 
5768 0.23438 
5769 0.4375 
5770 0.45313 
5771 0.61719 
5772 0.64844 
5773 0.74219 
5774 0.67188 
5775 0.64063 
5776 0.74219 
5777 0.57813 
5778 0.45313 
5779 0.48438 
5780 0.42188 
5781 0.23438 
5782 0.16406 
5783 0.1875 
5784 0.070313 
5785 -0.078125 
5786 0 
5787 0.0078125 
5788 -0.15625 
5789 -0.0625 
5790 0.0078125 
5791 -0.015625 
5792 0 
5793 0.078125 
5794 0.17969 
5795 0.039063 
5796 0.11719 
5797 0.1875 
5798 -0.0625 
5799 0 
5800 -0.0078125 
5801 -0.28125 
5802 -0.26563 
5803 -0.0625 
5804 -0.10938 
5805 -0.42188 
5806 0.125 
5807 0.45313 
5808 -0.13281 
5809 0.42188 
5810 0.82031 
5811 0.36719 
5812 0.4375 
5813 0.61719 
5814 0.53906 
5815 0.085938 
5816 0.10938 
5817 0.21875 
5818 -0.25 
5819 -0.40625 
5820 -0.39844 
5821 -0.53125 
5822 -0.83594 
5823 -0.92188 
5824 -0.71875 
5825 -0.86719 
5826 -0.98438 
5827 -0.85938 
5828 -0.82813 
5829 -0.82813 
5830 -0.76563 
5831 -0.61719 
5832 -0.4375 
5833 -0.40625 
5834 -0.21094 
5835 0.039063 
5836 0.10156 
5837 0.25 
5838 0.44531 
5839 0.5625 
5840 0.57031 
5841 0.67188 
5842 0.75781 
5843 0.67188 
5844 0.66406 
5845 0.69531 
5846 0.59375 
5847 0.45313 
5848 0.46875 
5849 0.375 
5850 0.20313 
5851 0.1875 
5852 0.125 
5853 0.03125 
5854 -0.03125 
5855 -0.023438 
5856 -0.023438 
5857 -0.085938 
5858 -0.023438 
5859 0.039063 
5860 0.039063 
5861 0.054688 
5862 0.16406 
5863 0.1875 
5864 0.09375 
5865 0.15625 
5866 0.19531 
5867 0.0078125 
5868 -0.046875 
5869 0.023438 
5870 -0.21875 
5871 -0.35938 
5872 -0.19531 
5873 -0.16406 
5874 -0.375 
5875 -0.28125 
5876 0.22656 
5877 -0.0078125 
5878 -0.039063 
5879 0.53906 
5880 0.39844 
5881 0.28125 
5882 0.4375 
5883 0.52344 
5884 0.32031 
5885 0.10156 
5886 0.25 
5887 0.046875 
5888 -0.21094 
5889 -0.28906 
5890 -0.38281 
5891 -0.54688 
5892 -0.78125 
5893 -0.78906 
5894 -0.78906 
5895 -0.96094 
5896 -0.95313 
5897 -0.86719 
5898 -0.85938 
5899 -0.82813 
5900 -0.74219 
5901 -0.50781 
5902 -0.42969 
5903 -0.32031 
5904 -0.03125 
5905 0.085938 
5906 0.21094 
5907 0.39844 
5908 0.53906 
5909 0.58594 
5910 0.65625 
5911 0.75 
5912 0.72656 
5913 0.6875 
5914 0.70313 
5915 0.65625 
5916 0.51563 
5917 0.49219 
5918 0.42188 
5919 0.27344 
5920 0.19531 
5921 0.14844 
5922 0.078125 
5923 -0.0078125 
5924 0 
5925 0.0078125 
5926 -0.03125 
5927 0 
5928 0.0625 
5929 0.09375 
5930 0.09375 
5931 0.15625 
5932 0.16406 
5933 0.15625 
5934 0.13281 
5935 0.13281 
5936 0.10938 
5937 -0.023438 
5938 -0.070313 
5939 -0.070313 
5940 -0.19531 
5941 -0.33594 
5942 -0.30469 
5943 -0.28125 
5944 -0.3125 
5945 -0.35938 
5946 -0.19531 
5947 -0.015625 
5948 -0.10938 
5949 0.046875 
5950 0.24219 
5951 0.23438 
5952 0.27344 
5953 0.28125 
5954 0.33594 
5955 0.22656 
5956 0.125 
5957 0.09375 
5958 -0.015625 
5959 -0.15625 
5960 -0.30469 
5961 -0.35938 
5962 -0.45313 
5963 -0.63281 
5964 -0.67969 
5965 -0.67188 
5966 -0.74219 
5967 -0.75 
5968 -0.71094 
5969 -0.58594 
5970 -0.53906 
5971 -0.48438 
5972 -0.25781 
5973 -0.15625 
5974 -0.070313 
5975 0.085938 
5976 0.24219 
5977 0.32031 
5978 0.38281 
5979 0.47656 
5980 0.53906 
5981 0.53125 
5982 0.53125 
5983 0.55469 
5984 0.5 
5985 0.46875 
5986 0.41406 
5987 0.36719 
5988 0.30469 
5989 0.25781 
5990 0.23438 
5991 0.17969 
5992 0.14844 
5993 0.14063 
5994 0.13281 
5995 0.125 
5996 0.13281 
5997 0.10938 
5998 0.14063 
5999 0.125 
6000 0.125 
6001 0.125 
6002 0.085938 
6003 0.10938 
6004 0.0625 
6005 0.023438 
6006 0 
6007 -0.03125 
6008 -0.085938 
6009 -0.15625 
6010 -0.17188 
6011 -0.22656 
6012 -0.26563 
6013 -0.28906 
6014 -0.29688 
6015 -0.28906 
6016 -0.28125 
6017 -0.24219 
6018 -0.19531 
6019 -0.14063 
6020 -0.085938 
6021 -0.023438 
6022 0.015625 
6023 0.046875 
6024 0.070313 
6025 0.070313 
6026 0.0625 
6027 0.03125 
6028 0 
6029 -0.054688 
6030 -0.10156 
6031 -0.17188 
6032 -0.21875 
6033 -0.26563 
6034 -0.29688 
6035 -0.3125 
6036 -0.3125 
6037 -0.29688 
6038 -0.27344 
6039 -0.25 
6040 -0.21094 
6041 -0.14844 
6042 -0.11719 
6043 -0.054688 
6044 -0.015625 
6045 0.023438 
6046 0.09375 
6047 0.125 
6048 0.15625 
6049 0.20313 
6050 0.23438 
6051 0.24219 
6052 0.26563 
6053 0.26563 
6054 0.26563 
6055 0.24219 
6056 0.23438 
6057 0.21875 
6058 0.19531 
6059 0.1875 
6060 0.16406 
6061 0.17188 
6062 0.14063 
6063 0.14063 
6064 0.13281 
6065 0.13281 
6066 0.14063 
6067 0.13281 
6068 0.14844 
6069 0.14844 
6070 0.14844 
6071 0.14844 
6072 0.15625 
6073 0.11719 
6074 0.10938 
6075 0.09375 
6076 0.054688 
6077 0.015625 
6078 0 
6079 -0.039063 
6080 -0.078125 
6081 -0.125 
6082 -0.15625 
6083 -0.17188 
6084 -0.21094 
6085 -0.22656 
6086 -0.23438 
6087 -0.24219 
6088 -0.24219 
6089 -0.22656 
6090 -0.21875 
6091 -0.21094 
6092 -0.17188 
6093 -0.15625 
6094 -0.14063 
6095 -0.11719 
6096 -0.10938 
6097 -0.09375 
6098 -0.078125 
6099 -0.070313 
6100 -0.054688 
6101 -0.046875 
6102 -0.046875 
6103 -0.054688 
6104 -0.0625 
6105 -0.0625 
6106 -0.070313 
6107 -0.085938 
6108 -0.078125 
6109 -0.078125 
6110 -0.070313 
6111 -0.054688 
6112 -0.039063 
6113 -0.015625 
6114 0.0078125 
6115 0.023438 
6116 0.054688 
6117 0.078125 
6118 0.09375 
6119 0.10938 
6120 0.13281 
6121 0.14844 
6122 0.14844 
6123 0.14844 
6124 0.15625 
6125 0.15625 
6126 0.14844 
6127 0.14063 
6128 0.14063 
6129 0.125 
6130 0.125 
6131 0.11719 
6132 0.10156 
6133 0.10156 
6134 0.10156 
6135 0.09375 
6136 0.09375 
6137 0.09375 
6138 0.09375 
6139 0.10156 
6140 0.10156 
6141 0.10156 
6142 0.10156 
6143 0.085938 
6144 0.078125 
6145 0.0625 
6146 0.046875 
6147 0.03125 
6148 0.0078125 
6149 -0.0078125 
6150 -0.039063 
6151 -0.0625 
6152 -0.085938 
6153 -0.10938 
6154 -0.125 
6155 -0.13281 
6156 -0.14844 
6157 -0.15625 
6158 -0.15625 
6159 -0.16406 
6160 -0.16406 
6161 -0.15625 
6162 -0.15625 
6163 -0.15625 
6164 -0.14063 
6165 -0.14063 
6166 -0.14063 
6167 -0.125 
6168 -0.125 
6169 -0.125 
6170 -0.10156 
6171 -0.10156 
6172 -0.09375 
6173 -0.078125 
6174 -0.078125 
6175 -0.0625 
6176 -0.046875 
6177 -0.03125 
6178 -0.015625 
6179 0 
6180 0.015625 
6181 0.039063 
6182 0.070313 
6183 0.085938 
6184 0.10938 
6185 0.13281 
6186 0.14844 
6187 0.15625 
6188 0.16406 
6189 0.17188 
6190 0.16406 
6191 0.14844 
6192 0.14063 
6193 0.13281 
6194 0.10156 
6195 0.078125 
6196 0.070313 
6197 0.054688 
6198 0.03125 
6199 0.023438 
6200 0.015625 
6201 0 
6202 0 
6203 0 
6204 0 
6205 0 
6206 0 
6207 0 
6208 0 
6209 0.0078125 
6210 0.0078125 
6211 0.0078125 
6212 0.015625 
6213 0.015625 
6214 0.015625 
6215 0.0078125 
6216 0.0078125 
6217 0 
6218 -0.0078125 
6219 -0.0078125 
6220 -0.015625 
6221 -0.03125 
6222 -0.039063 
6223 -0.03125 
6224 -0.046875 
6225 -0.046875 
6226 -0.046875 
6227 -0.0625 
6228 -0.0625 
6229 -0.070313 
6230 -0.070313 
6231 -0.070313 
6232 -0.070313 
6233 -0.070313 
6234 -0.070313 
6235 -0.070313 
6236 -0.070313 
6237 -0.0625 
6238 -0.0625 
6239 -0.0625 
6240 -0.054688 
6241 -0.054688 
6242 -0.046875 
6243 -0.046875 
6244 -0.039063 
6245 -0.03125 
6246 -0.023438 
6247 -0.0078125 
6248 0 
6249 0.0078125 
6250 0.023438 
6251 0.046875 
6252 0.0625 
6253 0.078125 
6254 0.09375 
6255 0.10156 
6256 0.10938 
6257 0.11719 
6258 0.10938 
6259 0.10156 
6260 0.09375 
6261 0.085938 
6262 0.070313 
6263 0.054688 
6264 0.046875 
6265 0.023438 
6266 0.0078125 
6267 0 
6268 0 
6269 -0.015625 
6270 -0.015625 
6271 -0.023438 
6272 -0.023438 
6273 -0.023438 
6274 -0.023438 
6275 -0.023438 
6276 -0.023438 
6277 -0.015625 
6278 -0.015625 
6279 -0.0078125 
6280 0 
6281 0 
6282 0 
6283 0 
6284 0.0078125 
6285 0.0078125 
6286 0 
6287 0 
6288 0 
6289 0 
6290 0 
6291 0 
6292 -0.0078125 
6293 -0.0078125 
6294 -0.0078125 
6295 -0.015625 
6296 -0.023438 
6297 -0.023438 
6298 -0.03125 
6299 -0.03125 
6300 -0.039063 
6301 -0.039063 
6302 -0.039063 
6303 -0.039063 
6304 -0.039063 
6305 -0.039063 
6306 -0.039063 
6307 -0.03125 
6308 -0.03125 
6309 -0.03125 
6310 -0.023438 
6311 -0.023438 
6312 -0.023438 
6313 -0.015625 
6314 -0.0078125 
6315 -0.0078125 
6316 0 
6317 0.0078125 
6318 0.015625 
6319 0.023438 
6320 0.03125 
6321 0.046875 
6322 0.054688 
6323 0.0625 
6324 0.078125 
6325 0.070313 
6326 0.078125 
6327 0.078125 
6328 0.070313 
6329 0.070313 
6330 0.054688 
6331 0.054688 
6332 0.046875 
6333 0.023438 
6334 0.015625 
6335 0.0078125 
6336 0 
6337 -0.015625 
6338 -0.023438 
6339 -0.03125 
6340 -0.039063 
6341 -0.046875 
6342 -0.039063 
6343 -0.046875 
6344 -0.046875 
6345 -0.039063 
6346 -0.03125 
6347 -0.03125 
6348 -0.023438 
6349 -0.0078125 
6350 -0.0078125 
6351 -0.0078125 
6352 0 
6353 0 
6354 0 
6355 0.0078125 
6356 0 
6357 0 
6358 0 
6359 0 
6360 0 
6361 0 
6362 0 
6363 0 
6364 -0.0078125 
6365 -0.0078125 
6366 -0.0078125 
6367 -0.015625 
6368 -0.015625 
6369 -0.0078125 
6370 -0.0078125 
6371 -0.0078125 
6372 0 
6373 0 
6374 -0.0078125 
6375 0 
6376 0 
6377 -0.0078125 
6378 -0.0078125 
6379 -0.0078125 
6380 -0.0078125 
6381 -0.0078125 
6382 -0.0078125 
6383 0 
6384 -0.0078125 
6385 0 
6386 0 
6387 0 
6388 0.0078125 
6389 0.015625 
6390 0.015625 
6391 0.023438 
6392 0.03125 
6393 0.03125 
6394 0.039063 
6395 0.039063 
6396 0.039063 
6397 0.039063 
6398 0.039063 
6399 0.03125 
6400 0.03125 
6401 0.023438 
6402 0.015625 
6403 0.0078125 
6404 0 
6405 0 
6406 0 
6407 -0.0078125 
6408 -0.015625 
6409 -0.023438 
6410 -0.023438 
6411 -0.023438 
6412 -0.03125 
6413 -0.023438 
6414 -0.023438 
6415 -0.023438 
6416 -0.015625 
6417 -0.015625 
6418 -0.015625 
6419 -0.0078125 
6420 0 
6421 0 
6422 0 
6423 0 
6424 0 
6425 0 
6426 0 
6427 0 
6428 0 
6429 0 
6430 -0.0078125 
6431 -0.0078125 
6432 -0.015625 
6433 -0.015625 
6434 -0.015625 
6435 -0.023438 
6436 -0.015625 
6437 -0.0078125 
6438 -0.015625 
6439 -0.0078125 
6440 0 
6441 0 
6442 0 
6443 0.0078125 
6444 0.015625 
6445 0.015625 
6446 0.015625 
6447 0.015625 
6448 0.015625 
6449 0.015625 
6450 0.0078125 
6451 0.015625 
6452 0 
6453 0 
6454 0 
6455 0 
6456 0 
6457 0 
6458 0 
6459 0 
6460 0.0078125 
6461 0.015625 
6462 0.023438 
6463 0.023438 
6464 0.03125 
6465 0.03125 
6466 0.03125 
6467 0.03125 
6468 0.03125 
6469 0.023438 
6470 0.015625 
6471 0.0078125 
6472 0 
6473 -0.0078125 
6474 -0.015625 
6475 -0.023438 
6476 -0.039063 
6477 -0.046875 
6478 -0.054688 
6479 -0.054688 
6480 -0.054688 
6481 -0.046875 
6482 -0.046875 
6483 -0.039063 
6484 -0.03125 
6485 -0.023438 
6486 -0.0078125 
6487 0 
6488 0 
6489 0.0078125 
6490 0.015625 
6491 0.023438 
6492 0.03125 
6493 0.03125 
6494 0.03125 
6495 0.03125 
6496 0.023438 
6497 0.015625 
6498 0.015625 
6499 0.0078125 
6500 0 
6501 -0.0078125 
6502 -0.0078125 
6503 -0.015625 
6504 -0.015625 
6505 -0.015625 
6506 -0.0078125 
6507 0 
6508 0 
6509 0 
6510 0.0078125 
6511 0.0078125 
6512 0.0078125 
6513 0.0078125 
6514 0.015625 
6515 0.0078125 
6516 0.0078125 
6517 0.0078125 
6518 0 
6519 0 
6520 0 
6521 -0.0078125 
6522 -0.0078125 
6523 -0.0078125 
6524 0 
6525 0 
6526 0 
6527 0 
6528 0 
6529 0 
6530 0 
6531 0 
6532 0.0078125 
6533 0.015625 
6534 0.015625 
6535 0.015625 
6536 0.023438 
6537 0.023438 
6538 0.015625 
6539 0.015625 
6540 0.0078125 
6541 0 
6542 0 
6543 0 
6544 0 
6545 -0.0078125 
6546 -0.023438 
6547 -0.023438 
6548 -0.023438 
6549 -0.03125 
6550 -0.03125 
6551 -0.023438 
6552 -0.03125 
6553 -0.03125 
6554 -0.023438 
6555 -0.023438 
6556 -0.015625 
6557 -0.0078125 
6558 0 
6559 0 
6560 0.015625 
6561 0.015625 
6562 0.015625 
6563 0.03125 
6564 0.023438 
6565 0.023438 
6566 0.03125 
6567 0.023438 
6568 0.015625 
6569 0.0078125 
6570 0.0078125 
6571 0 
6572 -0.0078125 
6573 -0.015625 
6574 -0.023438 
6575 -0.015625 
6576 -0.023438 
6577 -0.023438 
6578 -0.015625 
6579 -0.0078125 
6580 0 
6581 0 
6582 0 
6583 0.0078125 
6584 0.0078125 
6585 0.015625 
6586 0.015625 
6587 0.023438 
6588 0.023438 
6589 0.015625 
6590 0.015625 
6591 0.0078125 
6592 0 
6593 0.0078125 
6594 -0.0078125 
6595 -0.0078125 
6596 0 
6597 0 
6598 0 
6599 0 
6600 -0.015625 
6601 -0.015625 
6602 -0.0078125 
6603 0 
6604 0.046875 
6605 0.085938 
6606 0.078125 
6607 -0.078125 
6608 -0.039063 
6609 0 
6610 -0.023438 
6611 0.054688 
6612 0 
6613 0 
6614 -0.039063 
6615 -0.0625 
6616 0 
6617 -0.023438 
6618 0.023438 
6619 0 
6620 -0.023438 
6621 -0.015625 
6622 -0.046875 
6623 -0.03125 
6624 -0.023438 
6625 0 
6626 0.0078125 
6627 -0.0078125 
6628 0 
6629 0 
6630 -0.03125 
6631 0.0078125 
6632 0.023438 
6633 0.03125 
6634 0.039063 
6635 0.03125 
6636 0 
6637 0 
6638 -0.0078125 
6639 0.03125 
6640 0.070313 
6641 0.10156 
6642 0.070313 
6643 -0.11719 
6644 -0.039063 
6645 -0.0625 
6646 -0.015625 
6647 0.085938 
6648 0.03125 
6649 0 
6650 -0.14063 
6651 -0.054688 
6652 -0.046875 
6653 -0.015625 
6654 0.078125 
6655 0.015625 
6656 0.023438 
6657 -0.015625 
6658 -0.023438 
6659 0 
6660 0.023438 
6661 0.0625 
6662 0.039063 
6663 0.0078125 
6664 0.015625 
6665 -0.03125 
6666 -0.046875 
6667 0 
6668 -0.0078125 
6669 0 
6670 0 
6671 -0.0078125 
6672 0 
6673 0 
6674 0.0078125 
6675 0.0078125 
6676 0.0078125 
6677 0.03125 
6678 0 
6679 0 
6680 0.023438 
6681 -0.0078125 
6682 0.03125 
6683 0 
6684 0 
6685 0 
6686 -0.039063 
6687 0 
6688 -0.039063 
6689 -0.015625 
6690 -0.0078125 
6691 -0.046875 
6692 0 
6693 -0.03125 
6694 -0.03125 
6695 0 
6696 -0.023438 
6697 0 
6698 0.023438 
6699 0.015625 
6700 0.046875 
6701 0.0078125 
6702 0 
6703 -0.015625 
6704 -0.015625 
6705 0.078125 
6706 0.11719 
6707 0.13281 
6708 0.046875 
6709 -0.09375 
6710 -0.085938 
6711 -0.046875 
6712 -0.015625 
6713 0.054688 
6714 0.0078125 
6715 -0.023438 
6716 -0.0625 
6717 -0.070313 
6718 0.0078125 
6719 0 
6720 0.03125 
6721 0.039063 
6722 0 
6723 -0.0078125 
6724 -0.054688 
6725 -0.0625 
6726 0.015625 
6727 0 
6728 0.03125 
6729 0.054688 
6730 -0.0078125 
6731 0.03125 
6732 -0.054688 
6733 -0.0078125 
6734 -0.023438 
6735 -0.03125 
6736 0.03125 
6737 -0.03125 
6738 0.03125 
6739 0 
6740 -0.03125 
6741 0.015625 
6742 0.023438 
6743 0.015625 
6744 0.023438 
6745 0.0078125 
6746 0.015625 
6747 0.023438 
6748 0.0078125 
6749 0.046875 
6750 -0.0078125 
6751 0.023438 
6752 0.0078125 
6753 -0.046875 
6754 0.0078125 
6755 -0.015625 
6756 0 
6757 0.015625 
6758 -0.046875 
6759 -0.023438 
6760 -0.0625 
6761 -0.039063 
6762 0 
6763 -0.039063 
6764 0.03125 
6765 -0.0078125 
6766 -0.039063 
6767 0.015625 
6768 -0.023438 
6769 0.046875 
6770 0.0078125 
6771 -0.023438 
6772 0.03125 
6773 0 
6774 0.03125 
6775 0 
6776 0.015625 
6777 0 
6778 -0.015625 
6779 0.023438 
6780 0.0078125 
6781 -0.0078125 
6782 0.015625 
6783 0 
6784 -0.0078125 
6785 0.046875 
6786 -0.0078125 
6787 0.023438 
6788 0 
6789 0 
6790 0.0078125 
6791 -0.054688 
6792 0.039063 
6793 0.0078125 
6794 0 
6795 0.023438 
6796 -0.0625 
6797 0.015625 
6798 -0.015625 
6799 -0.046875 
6800 0.0078125 
6801 -0.046875 
6802 0.0078125 
6803 -0.015625 
6804 0 
6805 0.015625 
6806 -0.054688 
6807 0.046875 
6808 -0.0078125 
6809 -0.054688 
6810 0.085938 
6811 0.023438 
6812 -0.023438 
6813 0.03125 
6814 0.039063 
6815 -0.0625 
6816 -0.023438 
6817 0.10156 
6818 -0.0078125 
6819 -0.085938 
6820 0.10156 
6821 0 
6822 -0.125 
6823 0.15625 
6824 -0.03125 
6825 -0.11719 
6826 0.070313 
6827 0.085938 
6828 -0.054688 
6829 0.0078125 
6830 0.078125 
6831 -0.17188 
6832 0 
6833 0.11719 
6834 -0.10938 
6835 -0.03125 
6836 0.14063 
6837 -0.085938 
6838 -0.09375 
6839 0.078125 
6840 -0.015625 
6841 -0.023438 
6842 0.054688 
6843 -0.0078125 
6844 -0.046875 
6845 0.10156 
6846 -0.015625 
6847 -0.11719 
6848 0.0625 
6849 0.070313 
6850 0.0078125 
6851 0.0625 
6852 0.085938 
6853 -0.078125 
6854 -0.0625 
6855 0.03125 
6856 -0.070313 
6857 0 
6858 0.078125 
6859 -0.03125 
6860 -0.19531 
6861 -0.039063 
6862 0.09375 
6863 -0.046875 
6864 0.015625 
6865 0.0625 
6866 -0.0078125 
6867 -0.023438 
6868 0.054688 
6869 0.023438 
6870 -0.023438 
6871 0.11719 
6872 0.0078125 
6873 -0.10156 
6874 0.085938 
6875 0.070313 
6876 -0.09375 
6877 -0.0625 
6878 0.10938 
6879 -0.046875 
6880 -0.09375 
6881 0.085938 
6882 -0.0625 
6883 0.015625 
6884 0 
6885 -0.015625 
6886 0 
6887 0.015625 
6888 0.070313 
6889 -0.039063 
6890 0.0078125 
6891 0.039063 
6892 0.0078125 
6893 0.023438 
6894 -0.046875 
6895 0 
6896 0.03125 
6897 -0.039063 
6898 0 
6899 -0.0078125 
6900 -0.015625 
6901 -0.023438 
6902 0 
6903 -0.03125 
6904 -0.054688 
6905 0.023438 
6906 0.03125 
6907 0.015625 
6908 -0.039063 
6909 0.03125 
6910 -0.0078125 
6911 -0.023438 
6912 0.054688 
6913 0.03125 
6914 0 
6915 -0.023438 
6916 0.039063 
6917 -0.023438 
6918 -0.046875 
6919 0.046875 
6920 -0.015625 
6921 0 
6922 0 
6923 -0.078125 
6924 0.039063 
6925 0.03125 
6926 0 
6927 -0.03125 
6928 0.015625 
6929 0.070313 
6930 0 
6931 0 
6932 -0.015625 
6933 0.039063 
6934 0.023438 
6935 -0.070313 
6936 0.03125 
6937 -0.0078125 
6938 -0.078125 
6939 0.03125 
6940 0 
6941 -0.015625 
6942 -0.0078125 
6943 0.054688 
6944 -0.039063 
6945 -0.039063 
6946 0.078125 
6947 -0.023438 
6948 0.046875 
6949 0.023438 
6950 -0.054688 
6951 0.023438 
6952 0.039063 
6953 -0.0078125 
6954 -0.023438 
6955 0.0625 
6956 -0.0078125 
6957 -0.09375 
6958 -0.0078125 
6959 -0.0078125 
6960 0 
6961 -0.015625 
6962 0 
6963 0 
6964 -0.03125 
6965 0.0078125 
6966 0.070313 
6967 0.0078125 
6968 -0.1875 
6969 0.03125 
6970 0.22656 
6971 -0.11719 
6972 -0.078125 
6973 0.17188 
6974 0.03125 
6975 -0.13281 
6976 0.078125 
6977 0.03125 
6978 -0.1875 
6979 0.17188 
6980 0.039063 
6981 -0.21094 
6982 0.10938 
6983 0.070313 
6984 -0.16406 
6985 0.0078125 
6986 0.1875 
6987 -0.16406 
6988 -0.0625 
6989 0.28125 
6990 -0.19531 
6991 -0.13281 
6992 0.24219 
6993 -0.10156 
6994 -0.070313 
6995 0.22656 
6996 -0.09375 
6997 -0.28906 
6998 0.25781 
6999 0.24219 
7000 -0.39844 
7001 -0.015625 
7002 0.26563 
7003 -0.19531 
7004 0.054688 
7005 0.20313 
7006 -0.30469 
7007 -0.10938 
7008 0.41406 
7009 -0.023438 
7010 -0.33594 
7011 0.24219 
7012 0.1875 
7013 -0.375 
7014 0.070313 
7015 0.26563 
7016 -0.21875 
7017 0.0078125 
7018 0.15625 
7019 -0.21094 
7020 0.015625 
7021 0.25781 
7022 -0.078125 
7023 -0.25 
7024 0.078125 
7025 0.085938 
7026 -0.20313 
7027 0.14063 
7028 0.09375 
7029 -0.17188 
7030 0.046875 
7031 0 
7032 0 
7033 0.015625 
7034 -0.046875 
7035 -0.0078125 
7036 0.10156 
7037 0.14063 
7038 -0.17969 
7039 -0.13281 
7040 0.25 
7041 0.078125 
7042 -0.13281 
7043 -0.054688 
7044 -0.015625 
7045 0.085938 
7046 0.039063 
7047 -0.125 
7048 -0.023438 
7049 0.125 
7050 -0.015625 
7051 -0.070313 
7052 0.046875 
7053 0 
7054 -0.11719 
7055 0.10938 
7056 0.11719 
7057 -0.22656 
7058 0.023438 
7059 0.17969 
7060 -0.16406 
7061 -0.023438 
7062 0.19531 
7063 -0.039063 
7064 -0.15625 
7065 0.16406 
7066 0.0625 
7067 -0.29688 
7068 0.0625 
7069 0.14063 
7070 -0.1875 
7071 0.023438 
7072 0.16406 
7073 -0.13281 
7074 -0.125 
7075 0.20313 
7076 0.070313 
7077 -0.14063 
7078 0.14844 
7079 0.09375 
7080 -0.19531 
7081 0.0625 
7082 0.1875 
7083 -0.10156 
7084 -0.17188 
7085 0.15625 
7086 0.085938 
7087 -0.14844 
7088 -0.015625 
7089 0 
7090 0 
7091 0.03125 
7092 0.03125 
7093 -0.15625 
7094 -0.054688 
7095 0.22656 
7096 0.023438 
7097 -0.15625 
7098 -0.078125 
7099 0.085938 
7100 0.070313 
7101 -0.0078125 
7102 -0.070313 
7103 -0.085938 
7104 0.085938 
7105 0.046875 
7106 -0.09375 
7107 0 
7108 0.039063 
7109 -0.085938 
7110 -0.0625 
7111 0.10156 
7112 -0.039063 
7113 0 
7114 0.15625 
7115 -0.125 
7116 -0.09375 
7117 0.20313 
7118 0.13281 
7119 -0.1875 
7120 -0.09375 
7121 0.20313 
7122 0.054688 
7123 -0.039063 
7124 -0.09375 
7125 -0.11719 
7126 0.14063 
7127 0.14063 
7128 -0.14063 
7129 -0.14844 
7130 0.054688 
7131 0.13281 
7132 -0.046875 
7133 -0.125 
7134 -0.054688 
7135 0.10938 
7136 0.19531 
7137 -0.10156 
7138 -0.1875 
7139 0.070313 
7140 0.15625 
7141 -0.0078125 
7142 -0.09375 
7143 -0.023438 
7144 0.0625 
7145 0.078125 
7146 -0.054688 
7147 -0.078125 
7148 -0.0078125 
7149 0.125 
7150 -0.039063 
7151 -0.1875 
7152 0.11719 
7153 0.14844 
7154 -0.085938 
7155 -0.16406 
7156 0.054688 
7157 0.15625 
7158 -0.085938 
7159 -0.039063 
7160 0.015625 
7161 -0.03125 
7162 0.125 
7163 0.046875 
7164 -0.16406 
7165 -0.039063 
7166 0.14844 
7167 0.03125 
7168 -0.11719 
7169 0.03125 
7170 0.039063 
7171 -0.10156 
7172 0.0625 
7173 0.085938 
7174 -0.09375 
7175 -0.046875 
7176 0.015625 
7177 0.015625 
7178 0.054688 
7179 -0.0078125 
7180 -0.10938 
7181 0.039063 
7182 0.20313 
7183 -0.0625 
7184 -0.20313 
7185 0.11719 
7186 0.16406 
7187 -0.054688 
7188 -0.10938 
7189 -0.039063 
7190 0.046875 
7191 0.085938 
7192 -0.0625 
7193 -0.21875 
7194 0 
7195 0.21094 
7196 -0.046875 
7197 -0.1875 
7198 0.023438 
7199 0.13281 
7200 -0.039063 
7201 -0.13281 
7202 0.046875 
7203 0.10938 
7204 0.015625 
7205 -0.070313 
7206 0 
7207 0.13281 
7208 0.0625 
7209 -0.070313 
7210 -0.070313 
7211 0.023438 
7212 0.125 
7213 0.03125 
7214 -0.11719 
7215 -0.015625 
7216 0.11719 
7217 0.070313 
7218 -0.10938 
7219 -0.023438 
7220 0.1875 
7221 0.046875 
7222 -0.054688 
7223 0.039063 
7224 0.10156 
7225 0.054688 
7226 0 
7227 0.039063 
7228 0.078125 
7229 0.0625 
7230 0 
7231 -0.10156 
7232 -0.039063 
7233 0.0625 
7234 -0.10156 
7235 -0.23438 
7236 -0.13281 
7237 -0.085938 
7238 -0.14844 
7239 -0.21875 
7240 -0.19531 
7241 -0.19531 
7242 -0.14844 
7243 -0.10156 
7244 -0.17188 
7245 -0.10938 
7246 0 
7247 -0.070313 
7248 -0.0625 
7249 0.054688 
7250 0.078125 
7251 -0.0625 
7252 0 
7253 0.25781 
7254 0.11719 
7255 -0.085938 
7256 0.023438 
7257 0.14844 
7258 0.09375 
7259 -0.046875 
7260 -0.070313 
7261 0.046875 
7262 0.09375 
7263 0.070313 
7264 -0.03125 
7265 -0.22656 
7266 -0.10938 
7267 0.40625 
7268 0.625 
7269 0.11719 
7270 0.0625 
7271 0.80469 
7272 0.88281 
7273 0.32813 
7274 0.4375 
7275 0.89063 
7276 0.73438 
7277 0.21875 
7278 0.070313 
7279 0.16406 
7280 -0.039063 
7281 -0.35938 
7282 -0.60156 
7283 -0.77344 
7284 -0.72656 
7285 -0.70313 
7286 -0.89844 
7287 -0.97656 
7288 -0.71094 
7289 -0.52344 
7290 -0.64063 
7291 -0.5625 
7292 -0.17188 
7293 0.078125 
7294 0.046875 
7295 0.070313 
7296 0.35156 
7297 0.57031 
7298 0.49219 
7299 0.36719 
7300 0.40625 
7301 0.52344 
7302 0.44531 
7303 0.13281 
7304 0.023438 
7305 0.13281 
7306 0.023438 
7307 -0.28906 
7308 -0.36719 
7309 -0.17188 
7310 -0.1875 
7311 -0.39844 
7312 -0.34375 
7313 -0.10938 
7314 -0.039063 
7315 -0.085938 
7316 -0.054688 
7317 0.10156 
7318 0.22656 
7319 0.19531 
7320 0.085938 
7321 0.09375 
7322 0.26563 
7323 0.24219 
7324 -0.10156 
7325 -0.1875 
7326 0.30469 
7327 0.71094 
7328 0.25781 
7329 -0.09375 
7330 0.53906 
7331 0.98438 
7332 0.48438 
7333 0.19531 
7334 0.64063 
7335 0.84375 
7336 0.39844 
7337 0 
7338 0.046875 
7339 0.078125 
7340 -0.14063 
7341 -0.48438 
7342 -0.71094 
7343 -0.6875 
7344 -0.58594 
7345 -0.75 
7346 -0.98438 
7347 -0.82813 
7348 -0.52344 
7349 -0.5625 
7350 -0.69531 
7351 -0.49219 
7352 -0.14063 
7353 0 
7354 -0.0625 
7355 0.039063 
7356 0.35156 
7357 0.52344 
7358 0.5 
7359 0.46875 
7360 0.60156 
7361 0.71875 
7362 0.59375 
7363 0.375 
7364 0.32031 
7365 0.32031 
7366 0.13281 
7367 -0.14844 
7368 -0.25 
7369 -0.23438 
7370 -0.3125 
7371 -0.46875 
7372 -0.5 
7373 -0.39844 
7374 -0.32031 
7375 -0.32031 
7376 -0.28125 
7377 -0.125 
7378 0.03125 
7379 0.078125 
7380 0.10156 
7381 0.20313 
7382 0.28906 
7383 0.28906 
7384 0.24219 
7385 0.21094 
7386 0.16406 
7387 0.09375 
7388 0.03125 
7389 -0.039063 
7390 -0.20313 
7391 -0.19531 
7392 0.09375 
7393 0.23438 
7394 -0.023438 
7395 0.0078125 
7396 0.60156 
7397 0.72656 
7398 0.35156 
7399 0.42188 
7400 0.78125 
7401 0.71094 
7402 0.3125 
7403 0.17969 
7404 0.22656 
7405 0.085938 
7406 -0.14844 
7407 -0.36719 
7408 -0.54688 
7409 -0.60938 
7410 -0.64063 
7411 -0.8125 
7412 -0.97656 
7413 -0.85156 
7414 -0.64063 
7415 -0.67969 
7416 -0.72656 
7417 -0.49219 
7418 -0.17188 
7419 -0.070313 
7420 -0.0625 
7421 0.13281 
7422 0.42188 
7423 0.55469 
7424 0.53906 
7425 0.5625 
7426 0.66406 
7427 0.69531 
7428 0.54688 
7429 0.36719 
7430 0.28906 
7431 0.22656 
7432 0.03125 
7433 -0.19531 
7434 -0.28906 
7435 -0.30469 
7436 -0.39844 
7437 -0.46875 
7438 -0.46875 
7439 -0.41406 
7440 -0.33594 
7441 -0.24219 
7442 -0.17969 
7443 -0.10156 
7444 0.070313 
7445 0.21875 
7446 0.21875 
7447 0.25 
7448 0.39063 
7449 0.4375 
7450 0.32813 
7451 0.24219 
7452 0.25781 
7453 0.20313 
7454 0.039063 
7455 -0.03125 
7456 -0.078125 
7457 -0.25 
7458 -0.30469 
7459 -0.039063 
7460 0.13281 
7461 -0.10156 
7462 -0.10156 
7463 0.44531 
7464 0.63281 
7465 0.34375 
7466 0.39063 
7467 0.71875 
7468 0.71094 
7469 0.38281 
7470 0.25 
7471 0.26563 
7472 0.125 
7473 -0.078125 
7474 -0.30469 
7475 -0.54688 
7476 -0.61719 
7477 -0.63281 
7478 -0.80469 
7479 -0.98438 
7480 -0.875 
7481 -0.67969 
7482 -0.70313 
7483 -0.73438 
7484 -0.52344 
7485 -0.22656 
7486 -0.10156 
7487 -0.046875 
7488 0.125 
7489 0.35938 
7490 0.53125 
7491 0.5625 
7492 0.51563 
7493 0.5625 
7494 0.65625 
7495 0.5625 
7496 0.3125 
7497 0.19531 
7498 0.20313 
7499 0.046875 
7500 -0.1875 
7501 -0.27344 
7502 -0.27344 
7503 -0.33594 
7504 -0.39063 
7505 -0.35938 
7506 -0.3125 
7507 -0.24219 
7508 -0.10938 
7509 -0.023438 
7510 0.015625 
7511 0.14844 
7512 0.30469 
7513 0.32813 
7514 0.3125 
7515 0.38281 
7516 0.42188 
7517 0.33594 
7518 0.23438 
7519 0.1875 
7520 0.125 
7521 0 
7522 -0.14844 
7523 -0.20313 
7524 -0.21875 
7525 -0.38281 
7526 -0.4375 
7527 -0.14844 
7528 0.10938 
7529 -0.10938 
7530 -0.16406 
7531 0.42969 
7532 0.67969 
7533 0.38281 
7534 0.38281 
7535 0.6875 
7536 0.71875 
7537 0.4375 
7538 0.28906 
7539 0.21094 
7540 0.039063 
7541 -0.03125 
7542 -0.22656 
7543 -0.58594 
7544 -0.65625 
7545 -0.53906 
7546 -0.70313 
7547 -0.97656 
7548 -0.86719 
7549 -0.60938 
7550 -0.63281 
7551 -0.69531 
7552 -0.52344 
7553 -0.25 
7554 -0.070313 
7555 0.023438 
7556 0.15625 
7557 0.33594 
7558 0.54688 
7559 0.64063 
7560 0.5625 
7561 0.55469 
7562 0.67188 
7563 0.60156 
7564 0.34375 
7565 0.19531 
7566 0.17188 
7567 0.039063 
7568 -0.19531 
7569 -0.30469 
7570 -0.32813 
7571 -0.39063 
7572 -0.42188 
7573 -0.40625 
7574 -0.39063 
7575 -0.30469 
7576 -0.14063 
7577 -0.054688 
7578 -0.015625 
7579 0.14844 
7580 0.33594 
7581 0.38281 
7582 0.375 
7583 0.46875 
7584 0.53125 
7585 0.48438 
7586 0.36719 
7587 0.28125 
7588 0.23438 
7589 0.11719 
7590 -0.09375 
7591 -0.19531 
7592 -0.21875 
7593 -0.36719 
7594 -0.4375 
7595 -0.22656 
7596 -0.046875 
7597 -0.22656 
7598 -0.14844 
7599 0.32813 
7600 0.42969 
7601 0.29688 
7602 0.40625 
7603 0.57813 
7604 0.55469 
7605 0.375 
7606 0.28125 
7607 0.15625 
7608 -0.015625 
7609 -0.085938 
7610 -0.28906 
7611 -0.58594 
7612 -0.65625 
7613 -0.64063 
7614 -0.80469 
7615 -0.98438 
7616 -0.89844 
7617 -0.69531 
7618 -0.66406 
7619 -0.65625 
7620 -0.52344 
7621 -0.23438 
7622 0.015625 
7623 0.125 
7624 0.19531 
7625 0.34375 
7626 0.60938 
7627 0.71094 
7628 0.54688 
7629 0.50781 
7630 0.63281 
7631 0.54688 
7632 0.28906 
7633 0.13281 
7634 0.10156 
7635 -0.015625 
7636 -0.19531 
7637 -0.24219 
7638 -0.3125 
7639 -0.35156 
7640 -0.25781 
7641 -0.21875 
7642 -0.23438 
7643 -0.13281 
7644 0.0625 
7645 0.13281 
7646 0.13281 
7647 0.28125 
7648 0.40625 
7649 0.39844 
7650 0.40625 
7651 0.42188 
7652 0.38281 
7653 0.32031 
7654 0.26563 
7655 0.15625 
7656 0.015625 
7657 -0.023438 
7658 -0.11719 
7659 -0.28125 
7660 -0.25 
7661 -0.25 
7662 -0.4375 
7663 -0.38281 
7664 -0.015625 
7665 0.078125 
7666 -0.21094 
7667 0.03125 
7668 0.60156 
7669 0.46094 
7670 0.27344 
7671 0.5 
7672 0.65625 
7673 0.5 
7674 0.30469 
7675 0.26563 
7676 0.0625 
7677 -0.0625 
7678 -0.078125 
7679 -0.40625 
7680 -0.67188 
7681 -0.58594 
7682 -0.60938 
7683 -0.88281 
7684 -0.95313 
7685 -0.72656 
7686 -0.67188 
7687 -0.72656 
7688 -0.60156 
7689 -0.42969 
7690 -0.26563 
7691 -0.046875 
7692 0.078125 
7693 0.14063 
7694 0.32813 
7695 0.57813 
7696 0.60938 
7697 0.51563 
7698 0.60156 
7699 0.67188 
7700 0.54688 
7701 0.39844 
7702 0.30469 
7703 0.17969 
7704 0.039063 
7705 -0.03125 
7706 -0.14063 
7707 -0.29688 
7708 -0.30469 
7709 -0.24219 
7710 -0.29688 
7711 -0.33594 
7712 -0.23438 
7713 -0.10938 
7714 -0.0625 
7715 0 
7716 0.10156 
7717 0.19531 
7718 0.28125 
7719 0.35156 
7720 0.35156 
7721 0.35156 
7722 0.36719 
7723 0.3125 
7724 0.19531 
7725 0.13281 
7726 0.054688 
7727 -0.09375 
7728 -0.14844 
7729 -0.17969 
7730 -0.375 
7731 -0.41406 
7732 -0.10938 
7733 0.0625 
7734 -0.17188 
7735 -0.11719 
7736 0.40625 
7737 0.47656 
7738 0.30469 
7739 0.42969 
7740 0.55469 
7741 0.47656 
7742 0.35938 
7743 0.30469 
7744 0.054688 
7745 -0.13281 
7746 -0.054688 
7747 -0.28125 
7748 -0.65625 
7749 -0.67969 
7750 -0.64063 
7751 -0.8125 
7752 -0.92969 
7753 -0.82031 
7754 -0.75781 
7755 -0.73438 
7756 -0.5625 
7757 -0.42188 
7758 -0.32813 
7759 -0.10156 
7760 0.10938 
7761 0.21094 
7762 0.35156 
7763 0.54688 
7764 0.64063 
7765 0.66406 
7766 0.72656 
7767 0.71875 
7768 0.60938 
7769 0.53125 
7770 0.41406 
7771 0.23438 
7772 0.085938 
7773 -0.039063 
7774 -0.16406 
7775 -0.30469 
7776 -0.36719 
7777 -0.375 
7778 -0.39844 
7779 -0.36719 
7780 -0.30469 
7781 -0.21094 
7782 -0.09375 
7783 0.0078125 
7784 0.13281 
7785 0.23438 
7786 0.34375 
7787 0.4375 
7788 0.45313 
7789 0.46094 
7790 0.42969 
7791 0.38281 
7792 0.29688 
7793 0.17188 
7794 0.0625 
7795 -0.0625 
7796 -0.21094 
7797 -0.27344 
7798 -0.33594 
7799 -0.5 
7800 -0.51563 
7801 -0.28125 
7802 -0.03125 
7803 -0.14844 
7804 -0.17188 
7805 0.27344 
7806 0.48438 
7807 0.45313 
7808 0.49219 
7809 0.57031 
7810 0.58594 
7811 0.5 
7812 0.42188 
7813 0.1875 
7814 -0.046875 
7815 -0.046875 
7816 -0.20313 
7817 -0.52344 
7818 -0.70313 
7819 -0.74219 
7820 -0.83594 
7821 -0.92188 
7822 -0.89844 
7823 -0.89844 
7824 -0.85938 
7825 -0.64844 
7826 -0.47656 
7827 -0.39844 
7828 -0.21875 
7829 0.046875 
7830 0.25 
7831 0.35156 
7832 0.5 
7833 0.66406 
7834 0.73438 
7835 0.75781 
7836 0.71875 
7837 0.625 
7838 0.5625 
7839 0.46875 
7840 0.27344 
7841 0.070313 
7842 -0.03125 
7843 -0.11719 
7844 -0.24219 
7845 -0.35156 
7846 -0.39844 
7847 -0.39063 
7848 -0.32813 
7849 -0.26563 
7850 -0.21094 
7851 -0.09375 
7852 0.10156 
7853 0.24219 
7854 0.30469 
7855 0.36719 
7856 0.46875 
7857 0.53125 
7858 0.5 
7859 0.4375 
7860 0.36719 
7861 0.28906 
7862 0.21094 
7863 0.046875 
7864 -0.085938 
7865 -0.17969 
7866 -0.32813 
7867 -0.39844 
7868 -0.41406 
7869 -0.51563 
7870 -0.60938 
7871 -0.46094 
7872 -0.16406 
7873 -0.078125 
7874 -0.14844 
7875 0.09375 
7876 0.42969 
7877 0.55469 
7878 0.61719 
7879 0.57031 
7880 0.60156 
7881 0.625 
7882 0.55469 
7883 0.35938 
7884 0.039063 
7885 -0.039063 
7886 -0.14844 
7887 -0.41406 
7888 -0.67188 
7889 -0.88281 
7890 -0.88281 
7891 -0.89844 
7892 -0.95313 
7893 -0.99219 
7894 -0.92969 
7895 -0.69531 
7896 -0.54688 
7897 -0.42188 
7898 -0.22656 
7899 -0.0078125 
7900 0.24219 
7901 0.42188 
7902 0.57813 
7903 0.65625 
7904 0.73438 
7905 0.82031 
7906 0.78125 
7907 0.65625 
7908 0.53125 
7909 0.4375 
7910 0.28125 
7911 0.10156 
7912 -0.0625 
7913 -0.21094 
7914 -0.29688 
7915 -0.35156 
7916 -0.375 
7917 -0.39063 
7918 -0.3125 
7919 -0.17969 
7920 -0.0625 
7921 0.0625 
7922 0.15625 
7923 0.28906 
7924 0.4375 
7925 0.52344 
7926 0.51563 
7927 0.5 
7928 0.53906 
7929 0.50781 
7930 0.41406 
7931 0.28906 
7932 0.17969 
7933 0.078125 
7934 -0.03125 
7935 -0.19531 
7936 -0.36719 
7937 -0.40625 
7938 -0.4375 
7939 -0.52344 
7940 -0.55469 
7941 -0.51563 
7942 -0.42969 
7943 -0.36719 
7944 -0.30469 
7945 -0.22656 
7946 -0.085938 
7947 0.09375 
7948 0.11719 
7949 0.19531 
7950 0.375 
7951 0.49219 
7952 0.48438 
7953 0.48438 
7954 0.48438 
7955 0.36719 
7956 0.25781 
7957 0.10938 
7958 -0.09375 
7959 -0.25 
7960 -0.36719 
7961 -0.5625 
7962 -0.72656 
7963 -0.76563 
7964 -0.82813 
7965 -0.86719 
7966 -0.79688 
7967 -0.67969 
7968 -0.60156 
7969 -0.44531 
7970 -0.20313 
7971 0 
7972 0.17969 
7973 0.34375 
7974 0.46875 
7975 0.60938 
7976 0.71875 
7977 0.70313 
7978 0.64844 
7979 0.625 
7980 0.5625 
7981 0.40625 
7982 0.25781 
7983 0.13281 
7984 0 
7985 -0.085938 
7986 -0.21094 
7987 -0.34375 
7988 -0.33594 
7989 -0.27344 
7990 -0.27344 
7991 -0.25 
7992 -0.085938 
7993 0.085938 
7994 0.14063 
7995 0.25 
7996 0.39063 
7997 0.53125 
7998 0.60156 
7999 0.57813 
8000 0.55469 
8001 0.53125 
8002 0.50781 
8003 0.32031 
8004 0.17969 
8005 0.070313 
8006 -0.046875 
8007 -0.21094 
8008 -0.40625 
8009 -0.44531 
8010 -0.51563 
8011 -0.52344 
8012 -0.57031 
8013 -0.5625 
8014 -0.46094 
8015 -0.40625 
8016 -0.27344 
8017 -0.19531 
8018 -0.10156 
8019 -0.015625 
8020 0.0625 
8021 0.19531 
8022 0.17969 
8023 0.16406 
8024 0.15625 
8025 0.13281 
8026 0.085938 
8027 -0.0078125 
8028 -0.10156 
8029 -0.21094 
8030 -0.24219 
8031 -0.26563 
8032 -0.41406 
8033 -0.46875 
8034 -0.42188 
8035 -0.35156 
8036 -0.33594 
8037 -0.32813 
8038 -0.21094 
8039 -0.078125 
8040 0.054688 
8041 0.13281 
8042 0.13281 
8043 0.28125 
8044 0.39844 
8045 0.42969 
8046 0.41406 
8047 0.39063 
8048 0.4375 
8049 0.39063 
8050 0.35156 
8051 0.22656 
8052 0.14063 
8053 0.10156 
8054 0 
8055 -0.039063 
8056 -0.13281 
8057 -0.1875 
8058 -0.23438 
8059 -0.15625 
8060 -0.10156 
8061 -0.125 
8062 -0.046875 
8063 -0.015625 
8064 0.16406 
8065 0.1875 
8066 0.22656 
8067 0.23438 
8068 0.32813 
8069 0.5 
8070 0.35938 
8071 0.28906 
8072 0.26563 
8073 0.28906 
8074 0.26563 
8075 0.0625 
8076 -0.054688 
8077 -0.14063 
8078 -0.09375 
8079 -0.16406 
8080 -0.35156 
8081 -0.42969 
8082 -0.35156 
8083 -0.30469 
8084 -0.28125 
8085 -0.27344 
8086 -0.33594 
8087 -0.15625 
8088 -0.078125 
8089 -0.039063 
8090 -0.10938 
8091 -0.070313 
8092 0.10938 
8093 0.054688 
8094 0.078125 
8095 -0.039063 
8096 -0.10156 
8097 -0.015625 
8098 -0.039063 
8099 -0.078125 
8100 -0.25781 
8101 -0.23438 
8102 -0.1875 
8103 -0.15625 
8104 -0.15625 
8105 -0.20313 
8106 -0.16406 
8107 -0.03125 
8108 0.13281 
8109 0.085938 
8110 0.10156 
8111 0.17188 
8112 0.33594 
8113 0.38281 
8114 0.29688 
8115 0.24219 
8116 0.19531 
8117 0.3125 
8118 0.34375 
8119 0.13281 
8120 0 
8121 -0.070313 
8122 0 
8123 0 
8124 -0.17188 
8125 -0.17188 
8126 -0.28125 
8127 -0.039063 
8128 -0.085938 
8129 -0.14063 
8130 -0.15625 
8131 -0.10938 
8132 0.16406 
8133 0.09375 
8134 0.17188 
8135 -0.0078125 
8136 0.15625 
8137 0.29688 
8138 0.28906 
8139 0.21094 
8140 0 
8141 0.19531 
8142 0.14844 
8143 0.16406 
8144 -0.085938 
8145 -0.14844 
8146 -0.078125 
8147 -0.015625 
8148 -0.046875 
8149 -0.25781 
8150 -0.20313 
8151 -0.14844 
8152 -0.015625 
8153 -0.10938 
8154 -0.19531 
8155 -0.16406 
8156 -0.0625 
8157 0.078125 
8158 0 
8159 -0.0625 
8160 -0.0625 
8161 0.023438 
8162 0.085938 
8163 0.0078125 
8164 -0.085938 
8165 -0.10156 
8166 0.0078125 
8167 0.0078125 
8168 -0.046875 
8169 -0.25781 
8170 -0.15625 
8171 -0.054688 
8172 -0.023438 
8173 -0.070313 
8174 -0.19531 
8175 -0.054688 
8176 -0.023438 
8177 0.09375 
8178 0.046875 
8179 0 
8180 0.13281 
8181 0.19531 
8182 0.27344 
8183 0.19531 
8184 0.11719 
8185 0.17969 
8186 0.25 
8187 0.27344 
8188 0.125 
8189 0.0078125 
8190 0.015625 
8191 0.070313 
8192 0.054688 
8193 -0.09375 
8194 -0.19531 
8195 -0.14063 
8196 -0.046875 
8197 -0.10938 
8198 -0.17188 
8199 -0.1875 
8200 -0.125 
8201 0.039063 
8202 -0.03125 
8203 -0.023438 
8204 -0.023438 
8205 0.085938 
8206 0.14844 
8207 0.10156 
8208 0.14063 
8209 0.03125 
8210 0.085938 
8211 0.09375 
8212 0.09375 
8213 0 
8214 -0.023438 
8215 -0.046875 
8216 -0.03125 
8217 -0.023438 
8218 -0.11719 
8219 -0.11719 
8220 -0.15625 
8221 -0.023438 
8222 -0.10156 
8223 -0.09375 
8224 -0.10156 
8225 -0.085938 
8226 0.03125 
8227 -0.070313 
8228 0.03125 
8229 -0.09375 
8230 0.039063 
8231 0.054688 
8232 0.0625 
8233 0.054688 
8234 -0.03125 
8235 0.070313 
8236 0.023438 
8237 0.11719 
8238 -0.0078125 
8239 0 
8240 -0.046875 
8241 0.046875 
8242 0.015625 
8243 -0.015625 
8244 -0.046875 
8245 -0.03125 
8246 0.054688 
8247 -0.0078125 
8248 0.023438 
8249 -0.078125 
8250 0.078125 
8251 0.078125 
8252 0.09375 
8253 0.03125 
8254 -0.015625 
8255 0.10156 
8256 0.0625 
8257 0.11719 
8258 -0.039063 
8259 0.0078125 
8260 -0.03125 
8261 0.0625 
8262 0.0078125 
8263 -0.046875 
8264 -0.015625 
8265 -0.03125 
8266 0 
8267 -0.078125 
8268 -0.078125 
8269 -0.10938 
8270 0 
8271 0.0078125 
8272 0 
8273 -0.09375 
8274 -0.039063 
8275 0.023438 
8276 0.015625 
8277 0.085938 
8278 -0.039063 
8279 0.078125 
8280 0.03125 
8281 0.09375 
8282 0.0078125 
8283 -0.03125 
8284 0.046875 
8285 -0.0078125 
8286 0.054688 
8287 -0.054688 
8288 -0.046875 
8289 -0.0625 
8290 -0.046875 
8291 -0.023438 
8292 -0.070313 
8293 -0.085938 
8294 -0.054688 
8295 -0.054688 
8296 -0.03125 
8297 -0.03125 
8298 -0.070313 
8299 0.023438 
8300 0.039063 
8301 0.0625 
8302 0.03125 
8303 0 
8304 0.046875 
8305 0.0625 
8306 0.070313 
8307 0 
8308 0.0078125 
8309 0.03125 
8310 0.09375 
8311 -0.0078125 
8312 -0.015625 
8313 -0.046875 
8314 -0.0078125 
8315 0.09375 
8316 -0.023438 
8317 -0.023438 
8318 -0.054688 
8319 0.0625 
8320 0.070313 
8321 0.0078125 
8322 0.0078125 
8323 0.023438 
8324 0.09375 
8325 0.10938 
8326 0 
8327 -0.03125 
8328 -0.023438 
8329 0.046875 
8330 0.039063 
8331 -0.046875 
8332 -0.070313 
8333 -0.085938 
8334 -0.023438 
8335 -0.054688 
8336 -0.078125 
8337 -0.125 
8338 -0.0625 
8339 -0.0078125 
8340 0.023438 
8341 -0.015625 
8342 -0.085938 
8343 -0.0078125 
8344 0.023438 
8345 0.078125 
8346 0.046875 
8347 0 
8348 0.054688 
8349 0.046875 
8350 0.13281 
8351 0.03125 
8352 -0.023438 
8353 0.023438 
8354 0.03125 
8355 0.070313 
8356 0 
8357 -0.0625 
8358 -0.078125 
8359 -0.070313 
8360 -0.0078125 
8361 -0.085938 
8362 -0.10938 
8363 -0.070313 
8364 -0.039063 
8365 0.0078125 
8366 -0.015625 
8367 0.0078125 
8368 0 
8369 0.085938 
8370 0.078125 
8371 0.046875 
8372 0.046875 
8373 0.039063 
8374 0.09375 
8375 0.039063 
8376 0.046875 
8377 0.0078125 
8378 -0.0078125 
8379 0 
8380 -0.0625 
8381 -0.0625 
8382 -0.039063 
8383 -0.03125 
8384 -0.03125 
8385 -0.03125 
8386 -0.078125 
8387 0.023438 
8388 -0.03125 
8389 0.070313 
8390 0.0078125 
8391 0.046875 
8392 0.09375 
8393 0.023438 
8394 0.078125 
8395 0.023438 
8396 0.03125 
8397 0.070313 
8398 0.015625 
8399 0.015625 
8400 -0.039063 
8401 -0.046875 
8402 -0.0078125 
8403 -0.10938 
8404 -0.023438 
8405 -0.10156 
8406 -0.0625 
8407 -0.085938 
8408 -0.0625 
8409 -0.046875 
8410 -0.046875 
8411 -0.023438 
8412 0 
8413 0.03125 
8414 0.070313 
8415 0.054688 
8416 0.054688 
8417 0.0625 
8418 0.078125 
8419 0.039063 
8420 0.054688 
8421 0.046875 
8422 0.023438 
8423 0.039063 
8424 -0.03125 
8425 -0.0078125 
8426 -0.085938 
8427 -0.070313 
8428 -0.0625 
8429 -0.09375 
8430 -0.023438 
8431 -0.0625 
8432 -0.0078125 
8433 -0.03125 
8434 -0.03125 
8435 -0.015625 
8436 0 
8437 0.0625 
8438 0.054688 
8439 0.078125 
8440 0.054688 
8441 0.09375 
8442 0.078125 
8443 0.054688 
8444 0.023438 
8445 0.023438 
8446 0.0625 
8447 0.046875 
8448 0.023438 
8449 -0.070313 
8450 -0.078125 
8451 -0.070313 
8452 -0.054688 
8453 -0.039063 
8454 -0.078125 
8455 -0.046875 
8456 -0.070313 
8457 0 
8458 -0.054688 
8459 -0.039063 
8460 0.0078125 
8461 0.054688 
8462 0.125 
8463 0.046875 
8464 0.078125 
8465 0.015625 
8466 0.10938 
8467 0.054688 
8468 0.054688 
8469 -0.0078125 
8470 -0.015625 
8471 -0.0078125 
8472 -0.046875 
8473 -0.054688 
8474 -0.11719 
8475 -0.11719 
8476 -0.09375 
8477 -0.046875 
8478 -0.054688 
8479 -0.046875 
8480 -0.0625 
8481 0 
8482 0.0078125 
8483 0.054688 
8484 0.039063 
8485 0.039063 
8486 0.10938 
8487 0.085938 
8488 0.14063 
8489 0.03125 
8490 0.085938 
8491 0.0078125 
8492 0.0625 
8493 0 
8494 -0.03125 
8495 -0.070313 
8496 -0.054688 
8497 -0.015625 
8498 -0.085938 
8499 -0.046875 
8500 -0.11719 
8501 -0.054688 
8502 -0.039063 
8503 -0.039063 
8504 -0.015625 
8505 -0.015625 
8506 0.078125 
8507 0.039063 
8508 0.0625 
8509 0.03125 
8510 0.0625 
8511 0.0625 
8512 0.10156 
8513 0.0625 
8514 0.039063 
8515 0.03125 
8516 -0.023438 
8517 -0.023438 
8518 -0.039063 
8519 -0.015625 
8520 -0.0078125 
8521 -0.039063 
8522 -0.046875 
8523 -0.09375 
8524 -0.054688 
8525 -0.039063 
8526 0 
8527 -0.015625 
8528 0.023438 
8529 0 
8530 0.023438 
8531 0.03125 
8532 0.015625 
8533 0.085938 
8534 0 
8535 0.10156 
8536 0 
8537 0.0625 
8538 0.015625 
8539 -0.015625 
8540 -0.0078125 
8541 -0.046875 
8542 0 
8543 -0.0625 
8544 -0.03125 
8545 -0.054688 
8546 -0.046875 
8547 -0.070313 
8548 -0.070313 
8549 -0.085938 
8550 -0.023438 
8551 0 
8552 0.015625 
8553 0 
8554 0.0078125 
8555 0.039063 
8556 0.015625 
8557 0.078125 
8558 0.023438 
8559 0.09375 
8560 0.078125 
8561 0.125 
8562 0.054688 
8563 0.039063 
8564 0 
8565 -0.015625 
8566 0 
8567 -0.015625 
8568 -0.03125 
8569 -0.085938 
8570 -0.0625 
8571 -0.078125 
8572 -0.039063 
8573 -0.078125 
8574 -0.046875 
8575 -0.03125 
8576 0.0078125 
8577 0.023438 
8578 0.0078125 
8579 0.0078125 
8580 0.046875 
8581 0.0625 
8582 0.0625 
8583 0.070313 
8584 -0.0078125 
8585 0.054688 
8586 -0.0078125 
8587 0.054688 
8588 -0.015625 
8589 -0.0078125 
8590 -0.054688 
8591 -0.03125 
8592 -0.023438 
8593 -0.039063 
8594 -0.054688 
8595 -0.03125 
8596 0 
8597 -0.0078125 
8598 0.0078125 
8599 -0.023438 
8600 0.0078125 
8601 0.046875 
8602 0.046875 
8603 0.070313 
8604 -0.015625 
8605 0.070313 
8606 0 
8607 0.039063 
8608 0 
8609 -0.0078125 
8610 -0.0078125 
8611 -0.03125 
8612 0 
8613 -0.054688 
8614 -0.03125 
8615 -0.085938 
8616 -0.046875 
8617 -0.078125 
8618 0 
8619 0 
8620 0 
8621 0 
8622 -0.023438 
8623 -0.0078125 
8624 0.03125 
8625 0.03125 
8626 0.070313 
8627 0.039063 
8628 0.10156 
8629 0 
8630 0.0625 
8631 -0.039063 
8632 0.0625 
8633 -0.015625 
8634 0.070313 
8635 0 
8636 0 
8637 -0.039063 
8638 -0.070313 
8639 -0.03125 
8640 -0.03125 
8641 0.0078125 
8642 -0.015625 
8643 0 
8644 -0.039063 
8645 -0.0078125 
8646 -0.023438 
8647 -0.015625 
8648 0.015625 
8649 0 
8650 0.085938 
8651 0.0078125 
8652 0.054688 
8653 -0.03125 
8654 -0.0078125 
8655 -0.0078125 
8656 0 
8657 0.023438 
8658 -0.0078125 
8659 0 
8660 -0.054688 
8661 0.015625 
8662 -0.078125 
8663 0.0078125 
8664 -0.054688 
8665 0.015625 
8666 0 
8667 -0.023438 
8668 0.023438 
8669 0 
8670 0.03125 
8671 0.039063 
8672 0 
8673 0.039063 
8674 0.015625 
8675 0.03125 
8676 0.023438 
8677 0.03125 
8678 0.0078125 
8679 0.023438 
8680 -0.03125 
8681 0.0078125 
8682 -0.070313 
8683 0 
8684 -0.023438 
8685 -0.03125 
8686 -0.070313 
8687 -0.039063 
8688 -0.039063 
8689 -0.023438 
8690 0.0078125 
8691 -0.070313 
8692 0.039063 
8693 -0.10156 
8694 0.10938 
8695 -0.085938 
8696 0.10156 
8697 0.015625 
8698 0.046875 
8699 0.054688 
8700 -0.015625 
8701 0.0625 
8702 0 
8703 0.078125 
8704 -0.023438 
8705 0.0078125 
8706 -0.046875 
8707 0.054688 
8708 -0.03125 
8709 0.015625 
8710 -0.03125 
8711 0 
8712 0.023438 
8713 -0.0078125 
8714 0 
8715 -0.023438 
8716 0 
8717 0.015625 
8718 -0.015625 
8719 0 
8720 -0.03125 
8721 -0.0078125 
8722 -0.0078125 
8723 -0.0078125 
8724 -0.0078125 
8725 0 
8726 -0.0078125 
8727 0 
8728 -0.015625 
8729 0.0078125 
8730 0 
8731 0.015625 
8732 -0.015625 
8733 -0.015625 
8734 0.0078125 
8735 -0.03125 
8736 0.023438 
8737 -0.0078125 
8738 0.039063 
8739 0.0078125 
8740 0.015625 
8741 0 
8742 0.039063 
8743 0 
8744 0.085938 
8745 -0.046875 
8746 0.039063 
8747 -0.03125 
8748 -0.0078125 
8749 0.039063 
8750 -0.046875 
8751 0.070313 
8752 -0.046875 
8753 0.03125 
8754 -0.03125 
8755 -0.023438 
8756 0.0078125 
8757 -0.0078125 
8758 -0.0078125 
8759 0.015625 
8760 -0.070313 
8761 0 
8762 -0.070313 
8763 0.015625 
8764 0.0078125 
8765 -0.023438 
8766 0.0078125 
8767 -0.015625 
8768 0.039063 
8769 -0.015625 
8770 0 
8771 -0.03125 
8772 0.046875 
8773 -0.015625 
8774 0.070313 
8775 -0.054688 
8776 0.070313 
8777 0.023438 
8778 0.0078125 
8779 0.015625 
8780 -0.039063 
8781 0.070313 
8782 0 
8783 0.03125 
8784 -0.054688 
8785 -0.039063 
8786 0 
8787 -0.015625 
8788 -0.03125 
8789 0 
8790 0.0078125 
8791 0.054688 
8792 0 
8793 0.039063 
8794 -0.039063 
8795 0.023438 
8796 0 
8797 0.015625 
8798 -0.015625 
8799 -0.03125 
8800 0.023438 
8801 -0.054688 
8802 0.023438 
8803 -0.11719 
8804 0 
8805 -0.03125 
8806 0.070313 
8807 0.023438 
8808 -0.023438 
8809 -0.0078125 
8810 -0.054688 
8811 0.046875 
8812 -0.03125 
8813 0.03125 
8814 -0.015625 
8815 0.054688 
8816 0 
8817 0.015625 
8818 0 
8819 -0.015625 
8820 0.078125 
8821 0.023438 
8822 0 
8823 -0.03125 
8824 -0.023438 
8825 0.039063 
8826 0.015625 
8827 0.03125 
8828 -0.0625 
8829 -0.0625 
8830 0.039063 
8831 -0.023438 
8832 -0.023438 
8833 -0.046875 
8834 -0.039063 
8835 0.023438 
8836 0.023438 
8837 0.015625 
8838 -0.054688 
8839 0.03125 
8840 0.046875 
8841 0.0078125 
8842 0.0078125 
8843 0.0078125 
8844 0.015625 
8845 0.0078125 
8846 0.054688 
8847 -0.0625 
8848 -0.023438 
8849 0.015625 
8850 0 
8851 0.03125 
8852 -0.03125 
8853 0.0078125 
8854 -0.03125 
8855 0.0078125 
8856 0 
8857 -0.070313 
8858 0.03125 
8859 0 
8860 0.03125 
8861 -0.015625 
8862 -0.03125 
8863 -0.039063 
8864 0.039063 
8865 0.023438 
8866 0.015625 
8867 0 
8868 0 
8869 0.023438 
8870 -0.015625 
8871 0 
8872 -0.023438 
8873 0.039063 
8874 0.070313 
8875 -0.015625 
8876 -0.023438 
8877 -0.0625 
8878 -0.0078125 
8879 0.03125 
8880 -0.0078125 
8881 -0.0078125 
8882 -0.046875 
8883 0.054688 
8884 -0.015625 
8885 -0.023438 
8886 -0.03125 
8887 0.03125 
8888 0.054688 
8889 0.039063 
8890 -0.046875 
8891 -0.078125 
8892 -0.0078125 
8893 0.046875 
8894 0.03125 
8895 -0.03125 
8896 0 
8897 -0.0078125 
8898 0.078125 
8899 -0.0078125 
8900 0 
8901 -0.03125 
8902 0.0625 
8903 0.078125 
8904 -0.023438 
8905 -0.054688 
8906 -0.078125 
8907 0.023438 
8908 0.054688 
8909 0 
8910 -0.0625 
8911 -0.0625 
8912 0.0078125 
8913 0.0625 
8914 -0.023438 
8915 -0.0078125 
8916 -0.03125 
8917 0.054688 
8918 0.03125 
8919 -0.039063 
8920 -0.046875 
8921 -0.015625 
8922 0.09375 
8923 0.0625 
8924 0.0078125 
8925 -0.023438 
8926 0.0078125 
8927 0.03125 
8928 0.0078125 
8929 -0.046875 
8930 -0.023438 
8931 0 
8932 0.039063 
8933 -0.039063 
8934 -0.070313 
8935 -0.046875 
8936 0.0078125 
8937 0.0625 
8938 0 
8939 0.0078125 
8940 -0.023438 
8941 0.03125 
8942 0 
8943 -0.015625 
8944 -0.03125 
8945 0.0078125 
8946 0.046875 
8947 0.03125 
8948 -0.015625 
8949 -0.023438 
8950 0 
8951 0.023438 
8952 0.0078125 
8953 -0.023438 
8954 -0.03125 
8955 0 
8956 0.046875 
8957 0 
8958 -0.039063 
8959 -0.0625 
8960 0.0078125 
8961 0.03125 
8962 0.015625 
8963 -0.023438 
8964 -0.0078125 
8965 0.03125 
8966 0.03125 
8967 -0.023438 
8968 -0.078125 
8969 -0.0078125 
8970 0.0625 
8971 0.0625 
8972 -0.0078125 
8973 -0.039063 
8974 0 
8975 0.054688 
8976 0.015625 
8977 -0.046875 
8978 -0.015625 
8979 0.054688 
8980 0.054688 
8981 -0.023438 
8982 -0.10156 
8983 -0.039063 
8984 0.023438 
8985 0.03125 
8986 -0.03125 
8987 -0.03125 
8988 0.03125 
8989 0.046875 
8990 0.015625 
8991 -0.046875 
8992 -0.015625 
8993 0.039063 
8994 0.0625 
8995 -0.015625 
8996 -0.046875 
8997 0 
8998 0.0078125 
8999 0.015625 
9000 -0.03125 
9001 -0.039063 
9002 -0.0078125 
9003 0.03125 
9004 0 
9005 -0.054688 
9006 -0.03125 
9007 0 
9008 0.03125 
9009 0.023438 
9010 0 
9011 -0.0078125 
9012 0.015625 
9013 0.054688 
9014 0.015625 
9015 0 
9016 0 
9017 0.0078125 
9018 0 
9019 0 
9020 -0.0078125 
9021 -0.015625 
9022 0 
9023 0 
9024 -0.0078125 
9025 0 
9026 0 
9027 -0.0078125 
9028 0 
9029 0.0078125 
9030 0 
9031 -0.015625 
9032 0 
9033 0 
9034 0 
9035 0 
9036 -0.015625 
9037 0.0078125 
9038 0.023438 
9039 0.0078125 
9040 -0.023438 
9041 -0.015625 
9042 0.015625 
9043 0.03125 
9044 0.015625 
9045 -0.015625 
9046 -0.015625 
9047 0 
9048 0.015625 
9049 -0.023438 
9050 -0.03125 
9051 0 
9052 0.023438 
9053 0.023438 
9054 -0.0078125 
9055 -0.0078125 
9056 0.0078125 
9057 0.046875 
9058 0.023438 
9059 0 
9060 0 
9061 0.0078125 
9062 0.023438 
9063 0 
9064 0 
9065 0.0078125 
9066 0.023438 
9067 0 
9068 -0.039063 
9069 -0.03125 
9070 -0.023438 
9071 -0.015625 
9072 -0.046875 
9073 -0.0625 
9074 -0.054688 
9075 -0.015625 
9076 -0.023438 
9077 -0.070313 
9078 -0.078125 
9079 -0.046875 
9080 0 
9081 0.0078125 
9082 -0.03125 
9083 -0.054688 
9084 -0.0078125 
9085 0.046875 
9086 0.046875 
9087 0.0078125 
9088 -0.0078125 
9089 0.054688 
9090 0.10938 
9091 0.09375 
9092 0.03125 
9093 0.0078125 
9094 0.054688 
9095 0.0625 
9096 0.023438 
9097 -0.03125 
9098 -0.03125 
9099 0.0078125 
9100 0.015625 
9101 -0.015625 
9102 -0.054688 
9103 -0.023438 
9104 0.046875 
9105 0.10938 
9106 0.17188 
9107 0.21094 
9108 0.25781 
9109 0.35156 
9110 0.40625 
9111 0.39844 
9112 0.33594 
9113 0.28906 
9114 0.22656 
9115 0.085938 
9116 -0.054688 
9117 -0.22656 
9118 -0.35938 
9119 -0.45313 
9120 -0.55469 
9121 -0.66406 
9122 -0.73438 
9123 -0.71094 
9124 -0.65625 
9125 -0.58594 
9126 -0.49219 
9127 -0.375 
9128 -0.23438 
9129 -0.0625 
9130 0.070313 
9131 0.15625 
9132 0.24219 
9133 0.35156 
9134 0.41406 
9135 0.38281 
9136 0.33594 
9137 0.27344 
9138 0.20313 
9139 0.11719 
9140 0.015625 
9141 -0.070313 
9142 -0.14844 
9143 -0.17188 
9144 -0.19531 
9145 -0.21875 
9146 -0.22656 
9147 -0.1875 
9148 -0.13281 
9149 -0.070313 
9150 -0.015625 
9151 0 
9152 0.0625 
9153 0.0625 
9154 0.085938 
9155 0.3125 
9156 0.67969 
9157 0.76563 
9158 0.5 
9159 0.64844 
9160 0.96875 
9161 0.88281 
9162 0.65625 
9163 0.61719 
9164 0.61719 
9165 0.36719 
9166 0.0625 
9167 -0.17188 
9168 -0.39063 
9169 -0.52344 
9170 -0.64063 
9171 -0.89063 
9172 -1 
9173 -0.89063 
9174 -0.84375 
9175 -0.90625 
9176 -0.83594 
9177 -0.54688 
9178 -0.35938 
9179 -0.26563 
9180 -0.09375 
9181 0.11719 
9182 0.33594 
9183 0.44531 
9184 0.51563 
9185 0.63281 
9186 0.74219 
9187 0.72656 
9188 0.61719 
9189 0.55469 
9190 0.46875 
9191 0.28906 
9192 0.085938 
9193 -0.085938 
9194 -0.27344 
9195 -0.42969 
9196 -0.54688 
9197 -0.64063 
9198 -0.66406 
9199 -0.61719 
9200 -0.53906 
9201 -0.42969 
9202 -0.27344 
9203 -0.10938 
9204 0.03125 
9205 0.21094 
9206 0.38281 
9207 0.48438 
9208 0.55469 
9209 0.58594 
9210 0.58594 
9211 0.53906 
9212 0.46094 
9213 0.32031 
9214 0.14063 
9215 0 
9216 -0.13281 
9217 -0.29688 
9218 -0.42188 
9219 -0.45313 
9220 -0.51563 
9221 -0.60938 
9222 -0.5 
9223 -0.21875 
9224 -0.023438 
9225 0 
9226 0.17969 
9227 0.51563 
9228 0.70313 
9229 0.71875 
9230 0.78125 
9231 0.88281 
9232 0.83594 
9233 0.66406 
9234 0.46094 
9235 0.28125 
9236 0.09375 
9237 -0.11719 
9238 -0.39844 
9239 -0.65625 
9240 -0.76563 
9241 -0.79688 
9242 -0.91406 
9243 -0.99219 
9244 -0.90625 
9245 -0.77344 
9246 -0.71094 
9247 -0.61719 
9248 -0.42969 
9249 -0.21094 
9250 -0.03125 
9251 0.13281 
9252 0.28906 
9253 0.44531 
9254 0.58594 
9255 0.67188 
9256 0.66406 
9257 0.61719 
9258 0.58594 
9259 0.49219 
9260 0.32031 
9261 0.14063 
9262 0 
9263 -0.14844 
9264 -0.3125 
9265 -0.41406 
9266 -0.46875 
9267 -0.5 
9268 -0.48438 
9269 -0.4375 
9270 -0.375 
9271 -0.28906 
9272 -0.14844 
9273 -0.0078125 
9274 0.11719 
9275 0.21875 
9276 0.32031 
9277 0.41406 
9278 0.47656 
9279 0.50781 
9280 0.48438 
9281 0.4375 
9282 0.38281 
9283 0.30469 
9284 0.1875 
9285 0.046875 
9286 -0.054688 
9287 -0.13281 
9288 -0.1875 
9289 -0.3125 
9290 -0.46094 
9291 -0.40625 
9292 -0.14063 
9293 0 
9294 -0.1875 
9295 -0.039063 
9296 0.42188 
9297 0.57031 
9298 0.39844 
9299 0.44531 
9300 0.76563 
9301 0.76563 
9302 0.46094 
9303 0.32031 
9304 0.32813 
9305 0.1875 
9306 -0.078125 
9307 -0.3125 
9308 -0.42188 
9309 -0.5625 
9310 -0.74219 
9311 -0.89844 
9312 -0.96875 
9313 -0.89844 
9314 -0.85938 
9315 -0.90625 
9316 -0.85156 
9317 -0.63281 
9318 -0.41406 
9319 -0.34375 
9320 -0.22656 
9321 0.039063 
9322 0.27344 
9323 0.36719 
9324 0.45313 
9325 0.625 
9326 0.75 
9327 0.71094 
9328 0.64063 
9329 0.63281 
9330 0.58594 
9331 0.42188 
9332 0.21875 
9333 0.10938 
9334 0.03125 
9335 -0.125 
9336 -0.28125 
9337 -0.32813 
9338 -0.3125 
9339 -0.34375 
9340 -0.375 
9341 -0.30469 
9342 -0.15625 
9343 -0.046875 
9344 0.023438 
9345 0.13281 
9346 0.29688 
9347 0.4375 
9348 0.48438 
9349 0.51563 
9350 0.57031 
9351 0.60156 
9352 0.53906 
9353 0.41406 
9354 0.32813 
9355 0.24219 
9356 0.085938 
9357 -0.09375 
9358 -0.21094 
9359 -0.28906 
9360 -0.40625 
9361 -0.50781 
9362 -0.50781 
9363 -0.50781 
9364 -0.52344 
9365 -0.44531 
9366 -0.26563 
9367 -0.13281 
9368 -0.0625 
9369 0.085938 
9370 0.29688 
9371 0.40625 
9372 0.42969 
9373 0.5 
9374 0.57031 
9375 0.51563 
9376 0.39063 
9377 0.28125 
9378 0.15625 
9379 -0.015625 
9380 -0.20313 
9381 -0.35938 
9382 -0.5 
9383 -0.65625 
9384 -0.79688 
9385 -0.86719 
9386 -0.85938 
9387 -0.82813 
9388 -0.8125 
9389 -0.75781 
9390 -0.61719 
9391 -0.42969 
9392 -0.25781 
9393 -0.11719 
9394 0.054688 
9395 0.25781 
9396 0.40625 
9397 0.47656 
9398 0.52344 
9399 0.57813 
9400 0.57813 
9401 0.53125 
9402 0.45313 
9403 0.36719 
9404 0.28906 
9405 0.19531 
9406 0.085938 
9407 -0.015625 
9408 -0.078125 
9409 -0.10938 
9410 -0.11719 
9411 -0.11719 
9412 -0.085938 
9413 -0.023438 
9414 0.054688 
9415 0.14844 
9416 0.22656 
9417 0.32813 
9418 0.42188 
9419 0.50781 
9420 0.53125 
9421 0.52344 
9422 0.51563 
9423 0.48438 
9424 0.41406 
9425 0.30469 
9426 0.16406 
9427 0.039063 
9428 -0.054688 
9429 -0.17188 
9430 -0.30469 
9431 -0.40625 
9432 -0.45313 
9433 -0.5 
9434 -0.53906 
9435 -0.53125 
9436 -0.47656 
9437 -0.40625 
9438 -0.35156 
9439 -0.27344 
9440 -0.1875 
9441 -0.10156 
9442 -0.046875 
9443 0.0078125 
9444 0.070313 
9445 0.11719 
9446 0.125 
9447 0.10938 
9448 0.11719 
9449 0.10156 
9450 0.0625 
9451 0.015625 
9452 -0.039063 
9453 -0.070313 
9454 -0.10156 
9455 -0.14063 
9456 -0.19531 
9457 -0.22656 
9458 -0.22656 
9459 -0.21875 
9460 -0.21875 
9461 -0.19531 
9462 -0.14844 
9463 -0.10156 
9464 -0.054688 
9465 0 
9466 0.054688 
9467 0.10156 
9468 0.16406 
9469 0.21875 
9470 0.23438 
9471 0.23438 
9472 0.24219 
9473 0.25781 
9474 0.22656 
9475 0.16406 
9476 0.11719 
9477 0.10156 
9478 0.070313 
9479 0.0078125 
9480 -0.023438 
9481 -0.039063 
9482 -0.039063 
9483 -0.03125 
9484 -0.015625 
9485 0 
9486 0.039063 
9487 0.085938 
9488 0.125 
9489 0.14844 
9490 0.1875 
9491 0.23438 
9492 0.25 
9493 0.25 
9494 0.24219 
9495 0.22656 
9496 0.1875 
9497 0.14063 
9498 0.09375 
9499 0.03125 
9500 -0.039063 
9501 -0.10156 
9502 -0.14063 
9503 -0.17969 
9504 -0.22656 
9505 -0.27344 
9506 -0.28125 
9507 -0.27344 
9508 -0.25781 
9509 -0.25 
9510 -0.21875 
9511 -0.17969 
9512 -0.13281 
9513 -0.10156 
9514 -0.078125 
9515 -0.046875 
9516 -0.023438 
9517 -0.0078125 
9518 0 
9519 0 
9520 -0.0078125 
9521 -0.0078125 
9522 -0.0078125 
9523 -0.0078125 
9524 -0.046875 
9525 -0.070313 
9526 -0.0625 
9527 -0.046875 
9528 -0.046875 
9529 -0.054688 
9530 -0.046875 
9531 -0.015625 
9532 0.0078125 
9533 0.015625 
9534 0.015625 
9535 0.046875 
9536 0.09375 
9537 0.09375 
9538 0.085938 
9539 0.09375 
9540 0.10938 
9541 0.10156 
9542 0.070313 
9543 0.0625 
9544 0.070313 
9545 0.054688 
9546 0.03125 
9547 0.023438 
9548 0.03125 
9549 0.03125 
9550 0.023438 
9551 0.023438 
9552 0.054688 
9553 0.070313 
9554 0.070313 
9555 0.078125 
9556 0.09375 
9557 0.10156 
9558 0.09375 
9559 0.085938 
9560 0.085938 
9561 0.085938 
9562 0.070313 
9563 0.039063 
9564 0.023438 
9565 0.0078125 
9566 -0.0078125 
9567 -0.046875 
9568 -0.070313 
9569 -0.078125 
9570 -0.09375 
9571 -0.10938 
9572 -0.11719 
9573 -0.11719 
9574 -0.11719 
9575 -0.09375 
9576 -0.078125 
9577 -0.070313 
9578 -0.0625 
9579 -0.039063 
9580 -0.023438 
9581 -0.015625 
9582 -0.015625 
9583 -0.015625 
9584 -0.015625 
9585 -0.023438 
9586 -0.023438 